219900,500000,40000,759000,249000,45000,289000,35000,589770,179900
589000,134900,134500,2650000,1100000,189900,299900,129000,109900,40000
28000,59000,389000,749000,179000,589000,167500,299999,129900,44900
245000,175000,649000,1499900,99000,125000,180000,24900,149000,97000
199900,35000,209900,86000,499900,349000,129900,22250,459900,295000
514000,267000,52900,5000,599000,65000,134900,209900,499000,124900
299950,173900,215000,55000,214900,65000,245000,664000,159900,389000
12000,87900,950000,54900,70000,15000,399000,600000,147500,329000
140000,514900,19900,185000,179000,149000,2900000,299900,1100000,15900
24999,147900,499900,259900,185000,59900,359000,210000,240000,169900
449900,169900,499000,69900,229900,49000,99500,1250000,70000,44500
27500,319900,359900,8000000,16000,235000,169900,50000,309000,85000
385000,217000,80000,350000,60000,229000,15000,389900,4900000,190000
650000,2895000,149900,225000,120000,249000,525000,414900,130000,399900
81750,169500,599000,13950,2195000,649000,339900,1295000,240000,180000
169000,292500,99900,229000,169900,379000,324900,99000,579000,94760
128900,274900,170000,30000,169000,219900,195000,90000,345000,24900
425000,174900,175000,699000,231901,139900,219900,100000,409900,499000
115000,169000,159900,239000,159900,359900,48999,549000,135000,234500
160000,59900,109900,899000,1399000,99000,259900,115000,165000,749000
580000,221900,580000,348999,519000,790000,340000,89900,18000,799000
399000,263500,109000,65000,273750,85000,175000,619000,569000,374900
4500000,59900,275000,65000,339000,449900,699900,350000,1450000,189900
420000,229000,99900,18000,199900,1650000,17000,2199950,169900,94900
42600,69900,119900,42000,700000,199900,205800,3250000,399900,249000
4299000,399900,135000,69900,2495000,119000,289900,69900,499999,54900
335000,245000,665000,235000,17000,157500,195000,759000,240900,299000
159900,55000,200000,79900,159900,249000,1695000,24900,745000,560000
75000,19900,5950000,795000,23000,239000,119000,235000,424500,74000
569000,54900,24000,1499999,1050000,579000,99000,229000,149000,45000
349900,149900,74900,14900,375000,54900,1299000,159900,208900,67000
949900,54900,105000,35000,149000,265000,29900,229900,78000,174900
325000,170000,215000,375000,330000,425000,349900,1575000,48500,119900
449900,300000,489000,349900,224900,670000,3199000,135000,329000,45900
324900,192000,18000,149900,150000,40000,80000,29000,23000,79500
287900,109900,199900,449900,60000,998900,339000,1450000,408800,599000
289900,209900,154900,119900,42890,255000,399000,699000,499900,255000
274900,2950000,14900,565000,599000,1295000,169000,114900,729000,94900
29000,425000,33800,125000,39500,289900,29900,40000,1049000,18000
239900,369000,17900,208000,399900,55900,20000,190000,219900,775000
121000,9900,119900,32900,369000,749000,499900,3052868,125000,2950000
121000,874500,17125,469000,179900,120000,395000,189900,8500,369000
24999,1100000,3325000,110000,84900,185000,1100000,699900,55000,269000
209900,489900,359900,209900,495900,629750,18000,54000,35000,299900
145000,94900,142000,29900,875000,174500,29900,22250,285000,499000
449000,162000,84900,329000,29900,159900,985000,180000,300000,1200000
219000,159000,81750,49900,12000,69000,12000,649000,249000,98700
379000,169900,425000,1400000,399000,95000,35300,59900,149900,720000
4900,699000,13000,229500,230000,19900,725000,399000,300000,185000
26000,169900,175000,289900,335000,1100000,274500,574999,64500,217000
385000,169000,229900,189000,130000,1200000,49900,125000,479000,274900
157900,60000,369900,59900,1900000,269900,116000,249000,315000,579900
267400,79900,17000,975000,275000,149900,7000,219000,14500,189000
162000,49000,142500,274900,565000,89900,799900,299900,2950000,64500
19900,109000,749000,5000000,3000000,189000,79900,139999,3895000,250000
39900,206500,189000,231901,4499000,49900,249000,409900,155000,637000
620000,399000,355000,35500,144000,45900,319900,129900,149000,24900
129500,199900,315000,389000,145000,829000,99900,124900,137000,2100000
349000,175000,210000,60000,429000,3295000,599000,2995000,139900,33800
14900,219950,164900,99900,274900,99900,23900,889000,99900,515900
369000,57990,949900,275000,75000,978000,59000,275000,244900,79900
159000,195000,1395000,145000,169900,389000,227500,309000,4200000,300000
291000,105000,250000,649000,149500,79900,2995000,75000,90900,649000
2500000,995000,600000,189000,5000,1200000,879000,253000,749900,58730
218500,1775000,499000,69900,349900,1300000,135000,79000,130000,174900
1350000,39900,79000,159900,299900,49900,116000,220000,1199000,35000
595000,144000,24500,1395000,70000,249000,189898,1150000,249000,199900
194900,29900,568000,229000,35900,5950000,157900,99000,1034000,69900
320000,135000,93000,625000,365000,685000,19900,7000,329000,1195000
249900,349900,27000,625000,749000,395000,899000,199000,10000000,104900
130000,399900,30900,199900,5000,339900,350000,263500,359900,24900
79900,259000,339999,18500,391000,619000,159500,199000,242666,148900
219950,10000,290000,48900,275000,20000,273750,69000,59900,129000
239000,195000,27000,399000,2695000,78000,319900,241900,489000,139900
167500,410000,30000,425000,59900,39000,380000,169000,42000,225000
160000,229000,269900,23000,338000,9000,3000,169000,278800,429900
125000,199000,449900,59900,220000,319000,1085000,359900,215000,3295000
255000,139000,48999,239900,50000,459900,45999,160000,37900,179900
22000,229000,589000,349900,329900,179900,29000,349900,280000,70000
45000,225000,64900,275000,199900,125000,224900,475000,210000,31999
169900,219000,45000,1160000,15000,145000,79600,189900,249000,339000
60000,145000,69900,210000,389900,1200000,449000,16000,1995000,490000
24900,35900,20000,107500,219900,41500,125000,99000,173900,99000
169000,333900,2655,1999999,164900,440000,299000,599000,327000,4900
849000,45000,1300000,450000,129900,335000,199900,425000,579000,44900
195000,9900,410000,1695000,115000,1999900,1322000,469000,97900,61000
189900,129900,149000,379990,124000,392500,2250000,349900,57500,82900
31500,279000,244900,790000,369000,17000,285000,89900,589000,64900
1499900,274900,359900,555000,629000,269000,389000,259900,22000,49900
1625000,41800,2500000,55000,49000,239900,299000,59900,164500,340000
99999,174900,349000,95000,87000,749900,69900,385000,209000,30000
629000,82900,210000,799000,395000,89900,2754000,169000,189900,3325000
105000,65600,565000,124400,139000,768000,624900,409000,325000,99000
73000,259900,239900,30000,29900,150000,159000,350000,229000,499900
60000,109900,17000,122500,825000,309000,1295000,65000,49900,159900
549900,40000,459900,275000,479000,365000,89900,299000,99900,134900
400000,119900,249900,206900,425000,95000,779900,160000,1429950,249900
189900,299000,339000,124900,615000,469000,90000,119000,2100000,254900
175000,310000,1500000,249900,260000,80000,49900,119900,474900,120000
589000,239900,33600,259000,183500,34900,629000,80000,329000,147500
84000,299000,64900,159900,67999,615000,39000,54500,399900,598000
165000,90000,1349000,429000,17000,269900,195000,35000,268000,69900
349900,279000,259900,135000,249900,135000,18000,29900,40000,24900
172000,19900,499900,48900,1295000,14900,174500,395000,139900,25000
189000,17000,80000,365900,299900,114000,119900,180000,1150000,395000
1875000,500000,379900,180000,595000,3995000,224500,50000,99999,929000
200000,110000,99000,170000,269000,219900,369000,790000,259900,50000
768000,364950,269900,350000,299900,408400,1499900,169999,849000,330000
129900,598000,135000,89900,274900,28000,195000,810000,135000,199000
1850000,47999,70200,300000,95000,18000,199900,275000,79000,15500
115000,339000,215000,115000,205800,50900,162000,549900,173900,1999000
349000,95000,24500,895000,325000,629900,235000,645000,169900,79000
449000,1300000,214900,419900,925000,299900,529999,112000,309900,675000
49900,1399000,14900,85000,85000,267500,129500,299000,849000,325000
105000,599000,277500,126600,269900,32900,179900,229000,2195000,99000
195000,274900,229900,135000,68000,275000,239900,29000,12900,345000
1100000,449900,64900,16245,299900,85000,799000,160000,39900,192000
122000,264900,74900,675000,89900,305000,1199900,372000,399900,269900
169000,1125000,16000,209000,99900,159900,565000,455000,55000,229000
22000,183500,98500,70000,38000,121000,124900,159000,54000,13500
130000,768000,14900,699900,125000,173900,849999,703000,189898,449965
248516,120000,14900,259000,60000,1500000,139500,479000,849900,259000
37900,1250000,87200,499000,69900,669000,140000,640000,39900,209000
324900,38000,374900,87600,39900,499000,389900,125900,1650000,235000
367500,250000,240900,414000,244900,130000,24900,400000,124900,12000
124900,69900,91987,159000,249000,45000,344900,99900,165000,548000
278000,64900,399000,69000,609000,110000,2900000,29900,179000,249900
29000,229850,215000,285000,90000,519500,349900,575000,549000,99900
85000,380000,84000,5000,749000,439000,279900,204000,69000,86000
485000,1200000,825000,18000,415000,539900,299000,29900,15000,144000
49900,729000,375000,253000,65000,429000,139500,267500,465000,575000
28672,15000,64777,14900,65817,149900,329000,184900,375000,25000
114600,375000,14500,279000,369000,135000,599900,84600,469000,135000
44900,400000,100000,899000,384000,2399000,16245,70000,82500,320000
49900,698000,99000,189000,424900,224900,270000,104900,1590000,139900
339900,185000,195000,149000,249900,514000,234900,1350000,40000,230000
79900,64500,139000,449000,3804000,359000,199900,680000,19000,300000
2500000,975000,299900,2840000,128000,69000,469900,179000,365000,160000
284900,450000,329000,159900,54000,44900,469000,179000,114900,142900
385000,949900,799000,5000,18000,31500,259000,395000,22900,44900
25000,939900,249000,87025,230000,49900,9900,2300000,1795000,89900
124900,28500,1250000,107000,49900,275000,372000,116000,60000,630000
91873,499000,1079000,3443052,19800,64900,95000,379900,699900,2299000
629000,209900,174000,400000,59000,1159000,249900,140000,215000,169900
164900,23000,424500,31900,2200000,40000,235000,89000,125000,99000
429000,144900,175000,99900,215000,499800,94900,339900,299000,146500
50000,139900,149900,199900,259000,33800,184990,238500,119900,335000
159000,49000,450000,25000,1101000,474000,264000,80000,399000,79900
54900,380000,149900,759900,29900,78000,675000,315000,224900,324900
199900,649000,36000,138000,79900,115000,1850000,189888,179900,300000
219900,349900,18000,299900,800000,40000,57500,179000,224900,50000
119900,244900,2225000,415000,154900,119000,339900,408800,34900,287900
24500,2650000,349900,254000,519000,72351,360000,224900,430000,225000
565000,810000,85000,349000,215000,84900,142000,3895000,2695000,214900
339000,36000,785000,89900,760000,99900,2500000,5700000,92900,60000
247900,310000,41900,800000,229900,369900,168500,60000,105000,59900
50000,649000,54400,104900,259900,49000,130900,495000,270000,199900
1250000,119900,116000,190000,1999000,65000,260000,90000,14900,595000
12900,325000,925000,29900,299900,69900,229000,65000,280000,749900
64900,549900,347900,149900,157000,74000,268900,215000,1475000,14500
29900,249900,124900,399900,199500,249900,600000,49900,89000,2395000
389000,85000,59900,150000,325000,16900,320000,92500,124900,495000
5000,129900,88888,59900,5000,450000,329900,215000,17000,624900
669000,267400,145000,65000,34900,128900,279000,119900,29900,575000
15000,254900,449900,699000,489900,714900,73000,42600,120000,234900
215000,48999,129900,239000,735000,84900,2450000,124400,99900,849000
137500,415000,289999,129900,399000,549000,99000,69900,349000,230000
275000,199000,109900,35300,194900,399000,42000,54900,898000,1600000
949900,169900,24900,128000,89900,359900,249999,430000,262500,20361
64000,295000,39900,5700000,13000,199900,27500,229000,138900,1999000
295000,689900,169000,296000,355000,58000,274900,515000,509000,349000
799000,169000,279900,65000,379990,155000,249900,69900,199000,125000
619900,94900,214900,1575000,159900,112700,779000,125000,359900,269900
725000,224900,155000,225000,409900,119900,575000,79900,1395000,169900
69900,299900,15000,19900,519000,339000,178000,235000,227500,34500
3895000,495000,324500,240000,399900,149745,379000,115000,85000,599000
799000,1500000,33000,3700000,409000,170000,78000,59900,299900,170000
1100000,725000,278000,650000,625000,199900,495000,124900,39900,148900
569000,379000,319000,12900,255000,86000,569900,295000,275000,119900
2229000,179900,199900,1650000,570000,149900,10000,99000,35300,269000
215000,1049000,459000,239900,61500,199999,239000,1389000,1049000,210000
2710,2695000,129900,1090000,369000,270000,405000,59900,24500,340000
1325000,254900,129900,159900,299900,2175000,2950000,338000,338000,173900
13950,249900,49000,273000,234900,637000,65000,439000,1850000,100000
345000,1495000,150000,204000,49400,430000,160000,365000,235000,29900
849000,219900,469900,599000,289000,419500,1995000,185000,135000,1299000
449900,324900,18500,13400,639900,478900,275000,89900,745000,149000
229000,319000,239777,129000,65000,175000,274900,85000,14900,59500
429900,2250000,699000,3000000,1499000,799000,20000,64900,300000,199900
154900,263500,310000,173900,119000,800000,5700000,699900,20000,89900
195000,16000,99000,374900,229900,295000,34900,69000,699900,565000
39000,2710,489900,399000,110000,300000,955000,17500,124900,350000
75000,264900,55000,240000,624000,249900,21850,449900,625000,46000
299000,114900,129000,80000,299999,55170,365000,289900,365000,58888
355000,183500,48000,379000,344900,27500,80000,1165000,99900,212000
375000,1475000,1650000,79900,57500,239900,185000,1100000,104900,899000
749000,285000,46000,190000,184900,330000,147000,13000,235000,299000
175000,84900,499900,159900,2200000,29900,1149000,899000,235000,380000
699900,510000,599900,79900,338000,465000,217000,40000,60000,94900
3100000,595000,250000,145900,169900,14500,174900,315000,265000,2750000
235000,1269000,1075000,132900,1685000,899000,49900,725000,282500,175000
139000,2050000,419000,949000,2297637,190000,35000,89900,599999,420000
325000,189900,749900,489000,145000,824900,479000,99000,339999,99999
128900,169000,399000,60000,319000,209900,949000,54000,160000,37000
745000,15900,489000,225000,419900,1850770,209000,15000,239000,59900
85000,156900,90000,50000,379000,1749000,300000,244500,179000,109000
100000,575000,115000,170000,249900,69900,164900,16000,92900,114888
209900,14900,49900,1650000,95900,2480000,167900,76000,1299999,405000
459900,219900,119999,19900,499900,299000,134900,660000,216900,179000
124999,179900,136000,184400,390000,114900,69900,539000,121000,1500000
2650000,40000,199999,297000,239900,1499000,259000,450000,109000,154900
1225000,150000,224900,115000,24900,69900,329000,124900,219900,60000
15500,3290003,1385000,270000,135000,1350000,124900,549000,119900,355000
362000,274900,99000,399900,429000,899000,829900,200000,14900,270000
1699000,169000,405000,1650000,279900,67999,40000,59900,1349000,49000
455000,229000,2795000,189000,274900,1875000,37000,119000,519000,45000
59000,299900,169900,349000,699900,21850,269000,378000,419000,338700
91987,69000,49900,82500,384000,269900,119900,239000,179015,80000
449900,179000,78000,170000,179900,127720,104900,54900,4374000,549000
850000,475000,49500,67500,69900,39900,299900,204900,39900,149900
259900,549000,1159000,2595000,59900,150625,59900,1439000,179000,19900
169000,47999,390000,1350000,589000,190000,14900,140000,54900,149500
280000,149900,124000,5700000,600000,179900,369000,1202000,449000,259900
79500,119900,299000,95000,164900,85000,249900,145000,179900,94000
425000,6000,120000,169900,40000,150000,659900,145000,190000,19999
54000,268000,33800,119900,69990,114900,76900,224900,66500,420905
45000,85000,39900,599000,799000,17000,699000,359900,250000,125000
185000,149900,429000,679900,215000,27400,60000,350000,549900,2840000
24900,312500,529000,89000,22000,439900,75000,379000,259900,329000
475000,1159000,215000,599000,200000,159900,270000,149000,265000,189000
195000,359000,299000,19800,565000,309900,79900,1614492,2295000,319900
90000,2295000,100000,160000,229900,185000,199900,89900,280000,339900
92900,29900,119500,389000,145900,40000,100000,28000,230000,5495000
339000,410000,22900,252000,499000,625000,169900,1632,150000,394900
195000,9000,189000,70000,99500,549000,274900,34900,44900,120000
59000,121000,94900,130000,275000,529000,99000,750000,15500,284900
22000,135000,40000,399000,26000,119900,1795000,129900,82250,40000
624900,475000,42900,239900,469900,230000,300000,187500,59900,129900
174900,62000,275000,111900,2500000,2655,391000,1189000,52000,169500
929000,165000,130000,1449000,259000,14500,69900,269000,19900,38000
229000,19900,559000,219000,425000,120000,60000,80000,159900,195000
37000,90000,71298,25000,149900,299000,949000,500000,39500,339900
2695000,215000,490000,252000,669000,3443052,1290000,288000,545000,32000
157900,219000,445000,219000,320000,20000,35500,300000,2700000,64777
599000,82000,399000,699900,1325000,164900,289000,128900,425000,30000
255000,698000,200000,425000,150000,230000,189900,74900,1322000,299000
1795000,37000,64900,700000,3895000,104900,149900,329000,75000,219900
185000,400000,229000,425000,20000,14000,275000,359000,1000000,118000
325000,1250000,2710,249000,149900,74900,309900,1350000,369000,899900
60000,134000,84000,29900,2222000,150000,325000,408400,249000,149000
159900,109000,256000,79900,625000,69000,319000,1000000,200000,330000
37900,85000,179000,624900,60000,345000,307500,109900,339900,1250000
4299000,549000,599000,309900,459000,282000,134900,24500,53900,975000
349000,149000,875000,124900,1075000,85000,299900,1500000,114900,625000
399900,1160000,319900,152500,315000,414000,109900,639000,149900,450000
146500,359000,139900,214900,217500,485000,136000,5000,264900,99000
19600,179015,159900,10000,378000,728000,1295000,180000,189900,290000
249000,135000,544900,145000,224900,20000,315000,145000,234000,750000
429900,699900,179900,94760,425000,43500,159000,264900,139900,420000
369900,160000,405000,179900,49000,180000,229000,59000,1199000,67900
43500,624900,309000,19900,53000,330000,175000,64900,499000,67500
1000000,84900,29900,699000,248500,64900,185000,399000,75000,200000
79900,114900,115000,219900,199000,67999,274500,55000,949900,9000
30000,209900,99000,329000,58000,899900,419000,296000,250000,160000
195000,349900,1000000,179900,129000,199900,84000,776500,219900,359900
949000,22900,15900,300000,40000,144000,1375000,439000,319000,37900
459900,270000,187500,229000,71000,325000,1875000,169000,393000,50000
45000,59000,524900,189900,140000,300000,975000,69000,130000,399000
459000,165000,285000,13000,124999,499900,125000,390000,128000,25000
99000,135000,139900,69000,925000,639900,229000,379700,140000,1368000
5000,39999,320000,249900,15000,82900,245000,469000,30000,325000
349000,1199900,259900,24999,50000,67999,799900,34900,519900,234900
249900,140000,69900,22565,69000,100000,849000,1125000,94900,234500
49900,319900,169000,100000,25000,8900000,114500,55000,195000,275000
186900,232500,289900,22000,79000,12900,142500,34900,349000,160000
199000,79900,46000,135000,245000,389000,54500,524900,475000,1245000
373000,276000,249900,649900,349000,224900,786000,180000,124900,499000
535000,17000,199900,305000,75000,141000,1299000,475000,229000,19000
575000,254900,124900,79900,134900,49000,2950000,499000,215000,169000
139900,89000,425000,300000,480000,74900,194900,449000,47900,199900
99900,179900,449900,139000,1189000,445000,48900,300000,489900,20000
670000,99000,99000,135000,225000,49900,1189000,199000,245000,195000
3745000,229000,96900,3895000,475000,69900,425000,259000,145000,179900
52771,9950000,3339588,99000,249900,184400,199900,85000,399900,99900
49900,369900,239000,359000,1250000,324900,35000,88888,49900,167900
949900,349000,184000,110000,20000,150000,459999,24900,1850000,14900
349900,79500,90000,410000,264000,185000,399900,714900,71298,149900
249900,399900,459900,167000,32500,728000,187000,256000,296500,185000
69900,189900,82000,825000,275000,114900,65000,650000,760000,79500
1995,296000,185000,48900,829000,29900,339000,25000,29999,599999
469900,325000,14900,121000,115000,33600,3400000,94900,20000,395000
49500,99998,629900,80000,235000,350000,349900,80000,99900,265000
139900,79900,2423187,499000,899900,25000,57000,205000,649900,239000
48000,599000,214900,299000,148000,299900,90000,194800,159500,6900
169500,230000,580000,1100000,129900,499900,94900,179900,650000,29000
297500,79900,189900,497000,19900,85000,94000,145000,54900,99000
18000,875000,159000,236500,549900,119000,129500,299900,399000,74000
1300000,9000,236000,110000,409000,44900,290000,197500,220000,165000
209000,609000,69000,779000,55000,156000,500000,129900,749000,129900
144900,579000,478900,1585000,330000,199000,179900,29000,319900,224500
140000,259000,469000,3495000,89000,51400,144999,399000,799900,144900
170000,129000,309000,144900,799000,114700,31000,19900,24900,44790
295000,80000,135900,3490000,262500,39500,559900,99900,49900,195000
180000,24900,89900,255000,1195000,234900,60000,169000,149900,115000
249000,29900,299000,600000,248500,2480000,78500,189900,40000,95000
359000,225900,54400,34900,21000,185000,90000,139900,34900,85000
219900,21900,28500,90000,217000,139500,235000,649900,99500,1100000
609000,375000,38000,157000,649000,8900000,149850,489900,350000,238500
242666,419000,499000,16000,85000,54900,309000,430000,1299000,23272
1349000,275000,129000,60000,369900,489900,110000,344900,224900,689900
119500,180000,25000,144900,94500,254900,179900,440000,144000,800000
140000,250000,329900,199000,537000,1350000,99900,40000,500000,335000
199900,449900,19900,79400,499000,999000,254900,424500,260000,92500
33000,385000,360000,59900,389000,699000,285000,175000,180000,119000
50000,173900,179900,329900,325000,829000,495000,190000,239900,65000
2349000,3000000,289900,1685000,49400,2200000,264900,195000,67500,190000
259900,90900,259000,325000,85900,158000,42000,549900,149000,18900
160000,75000,450000,16000,188000,1149000,350000,184900,145000,599900
2200000,99500,49900,95000,285000,1159000,149900,219900,105000,240000
499900,71298,1100000,179800,146987,379900,149900,67200,358400,149900
267500,2840000,1199900,177000,429900,220000,285000,173900,189900,499911
219900,322500,18900,54900,955000,1000,249900,125000,349900,999900
415000,649900,99900,1150000,99000,140000,84900,1350000,197000,29900
949000,89500,29900,85000,99999,57900,449900,59900,475000,149900
579000,749000,29900,369000,99000,1295000,288000,179000,189000,249000
209500,849999,174900,37120,277772,100000,249900,27500,29900,2295000
408800,315000,225000,525000,92000,359000,219000,3999000,240000,599000
1499000,34000,125000,28500,899999,289000,84900,2900000,86900,25000
499999,2750000,349000,160000,264900,119000,649000,85000,1499999,99500
411627,149900,209000,609000,329000,269900,698000,149900,495000,109000
549000,229900,79000,25000,824900,135000,169900,16900,15000,1492727
46500,59900,129900,450000,69900,2399000,350000,614900,160000,900000
299000,149000,57000,310000,85000,462500,239900,489000,49900,109900
248516,89000,74900,224900,84900,70000,33000,167000,159900,396000
375000,9000,529000,159900,289900,394900,250000,66500,499000,23900
129000,1400000,335000,65000,25000,429900,85000,69900,1190000,25000
157900,499000,129900,339000,349900,159900,60000,149900,224800,154900
629900,99900,169900,549900,99000,180000,289900,149850,28000,174900
75000,189000,219000,390000,56900,119500,319900,89000,57900,438000
325000,15000,45000,1850000,599000,95000,180000,124500,555000,125000
299000,619900,35000,255000,299900,459999,1699000,675000,169900,314900
369900,94000,315000,189000,280000,159900,385000,159900,49900,295000
49000,145000,67900,2750000,174900,69900,309000,179000,415000,180000
539900,3399000,670000,13000,429000,194900,1300000,166000,4595000,349000
124900,377500,179800,698000,549900,44900,65000,649000,249000,445000
3895000,89900,159900,699000,188000,375000,549900,1999900,29900,339000
475000,849900,194900,54000,479900,99500,225000,848800,264900,1200000
199900,15000,614900,40000,395000,139900,719900,26900,309000,569000
189000,5000,70000,219000,18900,92900,174900,429000,249000,180000
16000,159000,46000,179900,234500,131000,17500,21000,720000,349900
320000,159900,48000,28000,209000,320000,159900,214000,160000,100000
749000,215000,149000,1299000,13000,259800,239000,175000,210000,515900
199900,149900,620000,279000,420000,239000,85000,186900,525000,135000
80000,1875000,26803,229000,69900,168000,60000,95000,639000,139500
230000,284900,824900,59500,249000,65000,149900,529900,494900,64900
179900,437000,281575,45000,149000,349900,639000,275000,1362000,91987
599900,149000,23900,1499900,289950,200000,265000,139900,269000,17900
119900,314900,44800,139000,79900,179000,300000,175000,355000,125000
124500,175000,675000,159000,219900,290000,156000,329000,365000,580000
525000,89000,4500000,49900,17000,174900,249999,699000,32000,179000
80000,129900,139000,998900,119900,320000,179900,45000,299900,85000
649000,266000,379900,239900,349900,44900,85000,699000,209900,699900
65000,142500,179900,479000,60000,3295000,450000,79000,40000,735000
90000,450000,269900,16500,295000,39000,30000,649000,310000,439000
70200,129900,130000,49900,1492727,19600,152500,57000,1300000,69900
164900,350000,192500,464000,180000,40000,425000,49900,79900,419900
49000,159900,299000,145900,725000,239000,97900,234900,1196000,274500
224900,998900,389888,3800000,45000,69000,3800000,669000,5000,145000
114600,296000,159000,3999999,399000,229900,32000,99900,462500,1299000
749000,234900,99500,129900,269000,63194,289000,399000,355000,275000
82900,255000,170000,314000,149900,282500,175000,129900,275000,189900
29900,565000,259000,169000,117900,65817,245000,179900,2749000,299950
500000,239900,225000,3250000,328900,619900,499000,299900,25000,789000
175000,299000,73900,350000,230000,55170,179900,484500,355000,149900
279900,24000,349000,22900,114900,339000,4499000,300000,162900,999000
244900,459999,160000,419900,169900,49900,219000,125000,239000,124900
395000,199900,1049000,344900,595000,74900,299900,59000,1695000,160000
169000,599000,799900,189900,319000,187500,624900,320000,529000,185000
99999,385000,349000,219900,209500,125000,17000,129000,499900,218800
525000,350000,229000,500000,28000,157593,89900,489000,55000,219900
279000,4374000,978000,229000,73900,2495000,14900,229000,134900,19900
349000,459900,1875000,274900,300000,949900,129500,87500,37900,419000
2395000,575000,849000,39900,185000,79900,615000,190000,325000,760000
149000,84900,399000,155000,425000,29900,170000,299900,296500,575000
94900,120000,385000,299900,250000,39900,273750,1200000,3995000,181900
260000,50000,599900,399000,624900,375000,1450000,70000,35000,159900
315000,49900,875000,114700,149000,799000,339900,129900,539000,84900
260000,173900,1595000,475000,675000,189900,225000,99995,65600,169000
225000,339900,132900,600000,24900,679000,515000,120000,349900,1100000
107910,139500,135000,44000,74900,265000,324900,129900,499000,37000
5000,50000,650000,209000,569000,20000,15500,59900,345000,130000
14500,290000,135000,249000,29900,269000,224900,169900,329000,1349000
239000,155000,74000,149900,159900,73900,229900,3999000,173000,69450
210000,20000,95000,249000,219000,319900,899000,175000,18500,297500
269900,9000,109000,144500,990000,1269000,159900,379000,13000,265000
539900,439900,389000,99900,74900,210000,185000,685000,625000,50000
186900,949000,2650000,180000,25000,125000,55000,25000,22000,399990
240900,99000,245000,624500,799000,624900,300000,218000,23000,4840156
50000,232000,35000,260000,405000,269000,279900,179900,119900,249000
55745,169000,129900,13000,165000,325000,60000,255000,345000,119900
335000,139900,475000,179900,69000,325000,278000,214900,574999,214900
185000,24900,179000,224900,399000,260000,899000,245000,239000,12900
82000,25000,157000,475000,25000,409000,139000,265000,229900,339000
149900,250000,225000,60000,799000,209000,189900,439900,134900,409000
369000,479000,148900,19900,39000,399000,17000,1100000,299000,1728000
453400,995000,299000,999000,1202000,1999999,200000,139900,299900,148000
149900,68000,130000,229900,45000,269900,186900,96999,324900,60000
299000,159900,599000,79600,259900,2595000,127900,5900,274900,219900
449900,299000,949900,1632,524900,25000,119900,76500,28000,299999
90000,469000,159250,879000,219000,650000,139900,59900,34900,249900
449000,174900,16000,254900,399000,649900,54500,5000,25000,745000
289000,399995,214750,475000,215000,164900,299900,30000,239999,1495000
289000,47000,259800,43920,309000,129000,369900,75000,259900,210000
58000,82250,169900,28000,105000,139000,28672,289000,99900,499000
234900,365000,768000,115000,15000,319900,159900,225000,548000,225000
490000,105000,429000,85000,324900,54900,48000,259800,92900,199900
50000,2995000,186500,874500,48000,59900,325000,110000,539900,219900
75000,279000,75000,299900,450000,19999,190000,1475000,999000,329000
49900,199000,37500,49000,485000,269000,219000,114900,20000,524900
499900,31400,33800,719900,215000,374900,275000,169000,1250000,297500
124500,985000,209900,599000,248516,300000,629000,1299000,13500,307500
134643,309900,649500,79900,1079000,500000,185000,625000,219900,40000
199000,555000,245000,500000,199999,2200000,459000,59000,55745,14900
54000,850000,290000,65000,625000,230000,52900,119900,299000,159000
225000,2100000,274500,149900,130000,254900,869000,179000,950000,150000
289000,149900,1368000,415000,214750,525000,137500,59900,99000,119900
34900,154900,179000,12000,79900,119000,275000,145000,219000,79000
132500,55900,90000,349000,24900,170000,699000,26617,135000,224900
975000,164900,130000,419900,74900,329000,155000,34900,30000,320000
1300000,239000,299000,149900,589000,200000,99500,194900,29000,550000
337500,194500,49900,165000,90000,569000,449900,119900,29900,2149999
65990,485000,299900,245000,82250,239900,79500,34900,59900,175000
457900,209000,40000,729900,600000,1595000,137000,44000,274900,345000
339000,139900,327000,219000,225000,49900,239900,390000,39900,245900
255000,199900,229500,299900,1450000,725000,249900,80000,450000,229000
790000,90000,55000,349900,849000,16000,37900,1250000,44900,325000
650000,129000,65000,44900,145000,54900,190000,559000,215000,178900
17900,25000,28000,549000,145000,349900,142000,939000,209000,455000
154900,269000,419900,129900,1250000,69900,369000,479000,71000,49999
49900,25000,85000,199000,150000,14900,50000,189900,389000,99900
800000,475000,525000,5950000,350000,59900,18000,309000,1125000,279000
2700000,439900,735000,25000,52000,185000,159900,22000,479000,675000
499000,13900,125000,250000,1029000,115000,29900,59900,160000,579000
1000000,410000,99900,391000,164900,729000,180000,1029000,70000,214900
16900,295000,274900,189900,35500,157500,34900,24000,269000,159000
325000,13000,175000,399000,17900,75933,569000,274900,3000000,24900
765000,220500,129000,574500,299900,599999,40000,14900,1599000,179000
268000,50000,234500,129900,13350,489900,400000,169000,419900,49900
189000,319000,13550,5900,1100000,154900,495900,138000,25000,175000
79900,199900,199900,339000,299900,19500,90000,75000,16000,63194
3450000,34900,214900,149900,269900,529000,324900,429900,199000,33000
273750,949000,199000,525000,44000,615000,110000,24000,124500,40000
234500,499900,79000,429900,104900,439000,2485000,119900,29900,399000
65000,29900,199900,279900,49500,23000,165000,869000,35000,115765
629900,48000,82000,425000,449000,125000,18500,229000,70000,225000
4900000,38000,49900,199900,450000,95900,65600,125000,99900,70500
399899,235000,22750,59900,725000,29500,79900,274900,395000,34900
250000,139000,519900,125000,182500,1700000,130000,725000,119000,90950
500000,395000,320000,54500,14900,224900,119900,91100,59900,85000
270000,399990,119900,714900,269000,129900,279000,49900,69900,209000
44900,229900,414900,125000,330000,955000,349900,799000,55000,235000
117900,79900,2295000,1099000,529000,250000,84900,1450000,26803,224175
349000,224900,1450000,249000,339000,429900,335000,110000,129000,235000
65000,99900,49900,589000,5000,169900,2695000,49900,160000,50000
9000,65000,175000,234900,639000,209000,204000,449900,300000,1050000
419000,109900,29999,479750,229000,34900,207999,299000,119900,565000
115000,145000,123692,189900,399900,129900,790000,1600000,59000,1685000
192000,424500,500000,235000,459000,70000,157593,109000,425000,149900
129000,189900,174900,369000,80000,195000,625900,199900,525000,1079000
349500,147900,825000,135000,360000,79900,220000,167900,99900,1019000
275000,22660,169000,448000,309000,3000000,125000,365000,199000,54900
214900,266000,209900,675000,42300,134900,1998000,150000,109900,67999
159900,240000,279000,214900,74900,575000,939000,140000,218000,124900
43920,259000,453000,2550000,379700,559900,2495000,134900,200000,132900
54900,297500,49900,399900,219900,268900,69900,89900,7850000,469000
198000,60000,19900,75000,329000,147900,209900,665000,309900,1250000
299900,197000,89000,435000,169900,354972,480000,100000,37900,70000
89900,51000,399000,105000,1000,125000,150000,249900,299999,549000
25000,69900,194250,400000,79000,300000,45900,235000,31000,329900
950000,319000,699000,22000,259000,24900,28000,699900,120000,195000
265000,370000,999900,28000,465000,715000,274900,189900,239000,339900
749000,205000,49900,129900,75000,249900,145000,5900000,278000,364950
389000,62500,29900,194250,259000,99900,339000,419000,229900,424000
235000,65000,54900,99900,24000,16900,799900,299000,220000,299900
625000,40000,359000,44900,269000,370000,82000,2199000,198000,269999
65000,399899,32000,414900,229000,349900,2700000,779900,296500,179000
474900,225000,399000,2750000,499900,43900,225000,369900,745000,209900
359000,2700000,1575000,319000,2995000,249900,588000,189000,499000,635000
21400,179000,998000,765000,385000,525000,764900,469900,35000,1795000
469000,105000,479000,190000,159900,835000,214900,110000,79900,169000
99900,300000,149900,39000,199900,2199000,135000,218000,169000,3295000
69900,589770,69900,160000,349000,39900,201900,25000,929000,229900
239900,39900,79900,399900,249000,565000,2695000,179000,729000,499000
59900,5000,182000,24000,10500,84900,139000,300000,225000,4840156
35000,449000,299000,224900,99000,289900,99500,130000,139900,395000
449000,81000,350000,554900,160000,49900,235000,14900,1492727,79000
719000,469000,369000,2480000,75000,239000,1950000,17000,195000,119000
149900,240000,169900,79000,90000,529000,114900,218900,89900,45000
848800,29900,327000,215000,1399000,219900,59000,219000,29900,18900
50000,160000,790000,249000,99998,45000,120000,31900,440000,269900
100000,259000,234900,425000,419000,169000,12900,1079000,489000,173900
5000,299900,549900,45000,109900,32000000,345000,99900,350000,69900
439900,279000,114000,224900,18000,45000,1699000,199500,15000,149650
114600,1295000,1632,225000,39900,259900,40000,444500,254000,3745000
499900,385000,169000,100000,314900,99500,459000,39900,49000,230000
10000,20000,324900,3745000,1075000,225000,225000,439000,145000,25000
249900,1079000,30000,649900,189000,439000,104900,1099900,379900,189000
425000,674000,89900,4600000,249900,580000,2550000,554900,147900,349000
60000,89900,179000,249900,269900,179900,18000,60900,824900,116000
799000,574900,419000,109000,42000,33000,53900,362000,2250000,405000
550000,40000,19900,259900,49999,130000,116900,164900,849000,149900
29000,77000,237900,139900,319000,46000,2480000,239900,135000,105000
459000,69900,287900,198000,259900,2710,649900,18000,289500,162000
275000,575000,179900,225900,1275000,1850000,52000,637000,129900,210000
490000,263500,325000,479900,80000,17900,79500,800000,189500,16500
147900,399900,218000,4000,249900,150000,449000,18000,95000,2754000
76000,475000,669000,320000,187500,425000,449900,150000,299900,40000
455000,159900,225000,1189000,399000,825000,265000,459900,214900,309900
85000,599000,75000,21000,109000,89900,599000,164900,1749000,309900
599900,249000,229900,149900,279000,2250000,275000,21900,339900,49900
74900,230000,598000,136000,15000,1150800,156900,19500,24900,450000
1850000,90000,329900,399000,32000,649000,415000,294900,349900,20000
315000,152900,105000,169900,630000,399900,399900,119000,4995000,139900
579900,299000,145000,229900,139900,100000,109000,309900,289900,229000
24000,399000,79900,145000,22000,164900,109900,40000,585000,80000
1249000,149900,145000,380000,167000,1050,499900,87025,879000,357000
98700,559000,430000,249000,156000,429900,699900,169000,750000,349900
609000,99900,499000,56000,599000,5495000,111000,649000,67000,107910
259900,389000,59999,499900,375000,89900,565000,1550000,324900,170000
182000,399000,234000,869000,589900,249000,159000,380000,230000,74000
69000,169900,373000,699900,1050,155000,15000,169000,409000,134900
129900,279000,349900,275000,99900,155900,199900,34500,6800,12900
65000,469000,130000,474900,237900,41000,149000,100000,20190,199000
81900,212000,46000,29000,49088,21580,159000,67000,225000,124900
449000,1299995,82900,115000,31500,229500,540000,340000,252000,399000
55000,149000,259000,649000,420000,2679000,485000,225000,425000,49900
519000,170000,189500,259900,15900,357500,69990,309000,1150000,174900
99900,465000,369000,110000,229000,179000,459900,189900,529000,1699000
354900,144900,54900,23900,229000,179000,349999,449995,19999,45900
95000,199000,149900,69900,79500,260000,355000,170000,85000,425000
279800,99000,219000,950000,1100000,185000,24900,310000,95000,1795000
79900,219000,239900,107500,179900,385000,99900,70000,675000,99000
275000,160000,369000,459900,1590000,299900,169500,65000,12000,239900
17500,319900,199900,519000,189900,2995000,310000,87600,529900,205000
649000,249900,79500,169900,175000,214000,269900,15000,249500,49900
275000,169000,680000,1100000,519000,114700,25000,325000,89900,145000
100000,29999,249000,88888,364900,230000,299900,149900,35000,49900
16000,114900,485000,294900,475000,999000,199000,549000,299000,164900
175000,25000,39900,195000,197000,299900,16500,125000,955000,1150000
274000,370000,45900,229900,29900,84900,55000,189900,99000,194900
159900,99900,295000,54900,275000,399000,13550,3490000,1299995,4195000
205000,115765,274900,90000,379000,60000,60000,74000,125000,189000
499900,1995000,164900,285000,249900,3250000,82000,68000,3250000,49900
24900,1600000,449000,273000,154900,18000,2995000,379900,1285000,549500
237000,29900,219900,85000,179900,315000,159000,850000,182900,51000
164888,449900,12000,299900,25000,20000,169900,349000,339900,59900
1500000,19900,75000,139900,149900,99900,329900,86900,22000,260000
62500,13000,249900,609000,134500,728000,2199950,384900,49000,371000
25000,574900,519900,19900,229000,59900,495000,4499000,435000,199900
39900,2249000,25000,5000,59900,139000,475000,139900,2695000,29000
94500,199000,70000,50000,90000,315000,220000,69900,2100000,779000
159900,115900,35000,224900,249900,99999,879000,659900,959000,225000
165000,289000,299900,40000,549000,330000,74900,454900,599000,225000
199900,649000,142000,309000,659000,50000,129000,450000,369000,275000
34900,299950,224800,279000,49000,169000,69900,640000,65651,2900000
575000,144900,289000,152500,99900,1000000,225000,1999999,124500,389000
109900,144900,329000,39900,195000,299000,420000,29900,374900,925000
29000,270000,105000,429000,719900,189000,220500,274900,479900,1099900
415000,157500,95900,475000,149000,25000,21900,299000,240000,70000
950000,459900,87500,995000,768000,65000,55000,379700,59999,259900
29900,109000,259000,25000,52900,194250,169900,270000,775000,22000
54900,450000,399000,310000,48000,90000,575000,103000,228900,149000
90000,235000,159000,13900,129000,59000,39500,119000,87025,128900
160000,120000,48000,389888,290000,799900,560000,265000,89000,39900
850000,99900,229900,165000,29000,14900,359000,650000,239000,149000
59000,229000,349000,2149999,66000,89900,1999000,289000,73000,175000
3395000,297000,549900,330000,49900,1375000,441000,779900,439000,250000
250000,339000,199000,249900,89900,175000,54900,85000,449000,169900
40000,219900,249000,121000,84900,21000,124900,475000,479900,99900
219000,524000,229900,18750000,1650000,65000,144900,295000,29000,264000
400000,145000,15000,499900,751000,39900,269000,219900,295000,1149000
295000,229000,223500,1400000,474000,309900,84900,599000,239900,199000
80000,565000,650000,399000,149000,299900,265000,324900,149000,35500
150000,19900,349900,210000,205000,49900,745000,24999,289900,2399000
15000,279000,230000,189000,55000,40000,41500,775000,129900,2400000
299000,1795000,106900,369900,22000,1800000,224000,15000,200000,849000
198888,408400,629000,259000,174500,1049000,99900,76900,289900,234900
640000,28500,184000,15900,99000,20000,439900,8500,179000,22400
216900,1299999,749900,269900,173900,79900,340000,250000,3600000,615000
199900,385000,12900,660000,250000,79900,5700000,349900,59900,85000
399900,19500,499900,299900,21900,565000,149000,199000,210000,1250000
949900,190000,109900,560000,59900,180000,22900,599000,89000,410000
119999,224900,120000,79500,31000,204000,209000,829000,114900,624500
798500,399999,625000,1079000,49000,199900,79000,55000,420000,169900
259900,129900,28000,264999,229800,598000,148900,285000,875000,449000
265000,660000,349000,169900,149900,299900,20000,949000,299900,459900
334900,499000,1300000,149900,1365000,419000,31999,259000,399000,289900
65000,15000,299900,189999,89900,195000,474900,85000,37120,189900
269000,649000,113000,244900,54900,23272,849000,10000,114900,161900
269000,40000,424000,25000,449000,315000,359900,439000,2895000,18000
439000,78900,309000,199000,255000,49900,315000,60000,69000,154900
325000,104900,284900,74900,199900,599000,209500,134900,72000,396000
475000,59900,140000,70000,329800,79900,199000,22000,32900,82500
91000,174900,29900,84900,499900,30000,199900,459000,16900,120000
629000,198000,199900,329900,449000,199000,439000,24900,359000,224900
749900,189900,239000,34900,270000,790000,999900,189000,120000,180000
59900,114900,164900,649900,1492727,159000,1100000,109900,309000,5000
65000,140000,649000,314900,150000,99000,124500,1100,349000,140000
189000,575000,675000,276900,689900,449900,32000000,42600,19900,310000
700000,152500,199500,799900,459000,169000,340000,35500,279000,859000
459900,199900,140000,399000,115000,999900,90000,240000,78900,39000
179000,89900,39900,129900,309000,65000,179900,124900,96400,149900
235000,399900,279000,40000,299000,120000,94500,499000,79900,174900
429900,22000,1500000,57900,150900,405000,24999,215000,24900,69900
699000,245000,20000,975000,25000,145000,28000,179900,130000,453400
55000,135000,34900,160000,699000,149000,565000,289500,167500,519000
179900,45000,29900,230000,240000,27800,292500,539900,195000,119900
165000,249000,149000,215000,85000,139000,259999,20000,324900,449000
39000,274900,279000,144999,267400,15500,199999,399990,515000,81000
2199950,75000,229000,475000,749000,377500,115000,74900,15000,575000
29900,20000,55000,25000,274900,94900,69900,299000,274900,550000
354000,189000,194900,629900,50000,7900,124999,1699000,40000,369000
239900,194000,126900,469000,149900,223500,275000,196900,750000,2199975
119900,25000,19900,47900,2995000,187500,254900,170000,150000,829900
132500,22000,89900,70000,149000,185000,96000,649000,90000,19900
444500,146500,289000,1095000,140000,769000,274000,60000,79900,19999
49900,20361,339999,15000,149000,1499900,749000,49900,525000,295000
3000000,239000,1749000,264900,110000,234900,52771,324900,189000,119900
50000,20000,52000,119000,275000,385000,240000,95000,589000,150000
1550000,650000,21850,539900,139900,194000,68000,999999,895000,399000
469900,135000,529000,211000,499900,175000,130000,269900,1250000,329900
1650000,1199900,599000,169900,174900,250000,354500,285000,18000,450000
389000,87200,199900,1900000,270000,219900,249900,126600,297900,223500
335000,469000,80000,225000,100000,199000,420000,624900,18000,128000
169500,349900,489900,320000,152500,23000,117500,475000,300000,99900
359000,170000,385000,234900,389000,69900,130000,650000,37500,79000
225000,374900,69900,489000,749900,159900,675000,424900,119500,89900
2600,76900,8500,24900,50220,2700000,34900,79000,7850000,459000
3250000,1499000,1650000,89900,14900,190000,40000,110000,225000,441000
2995000,324900,46000,210000,1299000,205000,93000,210000,100000,59900
115900,79000,249900,449965,549900,299900,164500,242666,209000,417000
55000,40000,599000,1695000,149900,995000,29900,99500,299900,495000
212000,645000,314900,215000,599000,224900,229900,189900,98000,1285000
170000,529000,239000,499900,155000,625000,99500,349000,231901,12000
219000,125000,129900,379000,99000,7500,171000,17900,94500,999900
139900,449000,234900,419900,359900,215000,150000,599900,550000,50900
65000,319900,79900,379000,154000,756000,14500,389000,31900,98000
7000000,85000,67200,269000,449900,695000,555000,43920,98700,714900
169900,420000,515000,729000,859000,170000,20000,339000,640000,110000
159900,71000,75000,449900,695000,359000,599000,449000,2995000,169500
169900,19600,175000,299900,54900,354900,175000,25000,349500,225000
299000,167900,199000,120000,195000,295000,550000,174900,39900,170000
365000,79900,2995000,185000,415000,82000,419900,110000,99000,768000
85000,300000,450000,94900,105000,399000,125000,99900,199900,8500
325000,235000,180000,425000,529000,150000,219900,139900,745000,270000
119900,489900,35000,2150000,142500,439000,79900,39000,319900,89900
990900,219900,620000,119000,1575000,282500,229000,14900,70000,169900
105500,82900,875000,184900,79900,4750,800000,270000,514900,675000
495000,174900,319000,1950000,289999,229900,1285000,800000,44000,165000
23000,180000,2668000,1048000,165000,1800000,475000,274500,64900,1285000
698000,179000,10000000,255000,23888,185000,81900,399990,76300,999900
1499000,559000,419900,92900,399000,224000,415000,164900,399000,279000
70000,600000,375000,200000,5000,1875000,539900,330000,15000,2399900
169900,235000,52900,375000,49500,79000,2695000,160000,1200000,146500
126900,59900,126900,869000,99000,699000,339000,195000,699900,158400
20000,389000,48000,325000,115000,35000,499000,69900,160000,31500
44999,75000,79000,489000,175000,720000,675000,1165000,118000,464000
17500,320000,555000,175000,41900,159900,62900,399900,474900,160000
554900,3325000,669000,136000,625000,110000,259000,800000,299000,170000
90000,239900,224900,69900,325000,154900,169500,210000,65000,338000
160000,38000,159000,21000,139000,289000,369900,169000,990900,135000
259900,199900,62900,419000,265000,60000,125000,239000,225000,699000
359000,889000,399000,129900,435000,249000,1800000,135000,184400,3250000
85000,139900,240000,29900,165000,499000,1295000,144000,990000,1499900
649900,36000,375000,45999,169900,469000,12000,149900,1100000,62500
414000,135000,495000,175000,16000,209900,69900,29900,625000,69000
154900,65000,140000,424999,174900,239900,139000,518000,69900,95000
449500,319900,405000,574990,95000,219900,119900,59000,267000,899000
169900,75000,131900,25000,391000,220000,125000,49000,59900,145900
188000,55000,55000,41000,579000,89000,1000000,344750,252000,99000
105500,53900,49000,789000,89900,134900,202900,245000,549000,174999
77900,99900,2995000,49900,899900,249900,27500,127500,399000,285000
675000,5700000,385000,47100,609900,20000,1400,339000,54900,44000
36000,55170,475000,82000,60000,279000,275000,1150000,24900,57990
18000,29000,259000,185000,179000,440000,475000,169000,179000,575000
25000,159900,31000,421982,249900,175000,12500,169000,9900,279000
355000,19900,84900,1225000,43900,270000,1395000,223500,99999,68000
2425000,200000,1100000,299000,199000,399900,49900,439000,389900,70000
169000,662000,99700,310000,325000,999000,412000,1100000,129000,164900
89900,411627,189900,152500,335000,789000,689900,139900,271000,424500
170000,420000,385000,239000,29900,499000,79900,299000,1200000,149900
129000,889000,124900,414900,660000,460000,20000,549900,45900,300000
495000,30000,495000,224900,129900,105500,135000,749000,22000,995000
70000,157593,209900,279900,229900,549000,269900,73331,549000,1100000
19900,71900,90000,169900,1295000,3399000,160000,47900,32900,339900
224900,295000,719900,399000,939900,69900,259900,425000,125000,249900
549000,49900,699900,48000,50000,749899,39900,325000,22000,209900
254900,18500,249900,179900,169000,2195000,1100000,204000,399900,829000
25000,625000,850000,229900,5000,1750000,309000,129900,749000,199900
129900,90000,609000,299000,175000,420000,175000,45000,20000,499000
455000,39900,209000,169500,99500,398900,5000,1075000,449900,195000
549500,184900,159999,259900,199000,525000,76500,679000,459000,35300
17900,314900,89000,149000,40000,199900,89000,443500,3295000,165000
1495000,296640,299900,49000,224000,309900,775000,229900,70000,184000
130000,59900,2299000,109500,219000,134900,335500,525000,75000,399000
279000,139900,450000,44900,20000,43500,15000,22000,169900,715000
315000,489000,80000,1290000,2995000,169900,1299000,384000,33000,16900
69900,117500,289000,425000,92000,148000,1599000,90000,560000,225000
59000,349000,110000,42500,59989,389000,199000,453000,1325000,5700000
90000,399000,270000,19900,679888,565000,1450000,199900,28000,89900
599000,29000,20000,115000,425000,49900,74000,463000,264800,127500
55000,79000,520000,199900,100000,189900,275000,92500,779900,398900
99000,169900,405000,169900,430000,259900,1050000,57000,89900,524900
103500,459900,116000,140000,115900,369000,190000,259900,110000,235000
82500,269900,439900,279900,1299000,169900,375000,699900,150000,49000
54900,117900,1150000,159000,169900,499000,350000,1850770,119999,219000
310000,239900,229900,25000,159900,399000,109900,24900,89900,337500
205000,116000,38000,497000,19900,374900,275000,140000,299000,399900
45000,147900,469900,199900,309000,135000,279900,1300000,34900,349900
229900,175000,239900,169000,290000,99500,289000,126900,49000,228900
199000,68000,550000,364900,950000,299000,159900,695000,139900,280000
359000,117900,19900,48900,134900,110000,49900,750000,289000,139900
299000,99900,369000,169900,490000,194900,184900,90000,219900,134900
199900,465000,535000,139900,25000,199900,289900,369000,1999000,239900
699000,454900,297900,179000,239000,439900,229000,39900,365000,64000
55170,79000,289900,129000,725000,479000,310900,100000,159000,32000000
179000,479000,104900,284900,355000,459900,599000,750000,224900,155000
89900,369000,169900,129900,162000,800000,284900,565000,225000,158400
22000,149900,24900,75000,199900,103000,579000,149000,525000,649000
205000,330000,87500,129987,29000,14900,267500,549000,89000,699000
149000,100000,220000,655000,69900,399990,950000,80000,105900,669000
225900,92500,4995000,369000,345000,52771,63194,465000,149900,229000
249900,85000,575000,219000,139900,649900,246900,1450000,415000,29900
519000,224900,349900,196900,219000,124900,325000,549900,37250,130900
199900,294900,69900,165000,29000,339900,119000,67999,70900,329900
90000,495000,244900,174900,575000,389900,49900,319000,49900,142200
3895000,89900,86000,529000,350000,40000,1632,537000,415000,70000
138500,325000,134900,209900,20000,209500,135000,349000,84900,549000
107900,179000,12000,312500,90000,455000,15000,180000,119900,159900
1100000,339000,50000,279900,310000,925000,289000,239500,125000,70000
229000,40000,1450000,223500,159000,799900,121000,299999,12900,1225000
17900,30000,150000,69900,24900,335000,369900,49900,275000,178000
299900,364900,146987,14900,149000,65990,119000,5000,124900,320000
299000,2500000,179900,1900000,14900,197900,60000,649000,175000,14500
399000,160000,65000000,1295000,329000,224800,252000,149000,299000,240000
129900,225000,1350000,52900,99900,575000,74900,120000,150000,520000
262500,127500,2550000,489000,188000,37900,129000,262500,799000,134900
150000,119000,449965,117900,100000,1999000,250000,1318000,425000,949000
389000,109900,1750000,90000,169900,130000,169000,220000,1599000,45000
129900,200000,1999000,185000,1795000,429900,31500,234000,289900,415000
339000,550000,429900,999000,415000,729000,129900,75000,225000,115000
16000,87025,675000,230000,150000,58500,449900,2249000,135900,399000
149900,250000,295000,27500,7900000,310000,399000,169000,99000,289500
189900,459000,20000,429900,139900,275000,275000,469000,167900,389000
12500,359900,219900,16000,150000,259000,67999,189900,150900,80000
1650000,24900,454900,700000,39000,89900,239000,3000,49900,3999999
1728000,219950,135000,339000,1629000,335000,485000,29900,109900,75000
289000,155900,59900,39000,750000,209900,335000,159000,115000,565000
549900,2795000,55000,2200000,299900,124900,549000,274900,409000,799900
400000,299000,20000,45000,279000,78000,290000,49000,67900,329900
252000,5000,178000,89900,149000,649900,649900,324900,14900,260000
459999,136000,17900,299900,274900,399000,48500,625000,119900,25000
273000,399000,80900,13000,79900,485000,17900,629000,339900,22500
47900,25000,2750000,129900,157000,599000,30000,45000,519000,134900
639000,259000,89900,25000,35000,150000,235000,549900,1795000,64777
174900,395000,170000,327000,296000,1595000,119900,79900,159900,759000
42500,469000,199900,98500,135000,289900,289000,24900,1345000,629900
449900,99900,164900,4374000,69900,449000,149000,1999000,750000,279900
379000,575000,14900,115000,189500,137000,699000,18000,50000,215000
148900,895000,124900,190000,79000,204900,3450000,17000,25000,89000
184900,350000,765000,236000,29000,295000,39900,54000,265000,25000
750000,249900,60800,49900,59900,899000,85000,334900,154900,299000
649000,75000,99000,275000,181900,89900,229000,50000,339900,242666
1290000,54900,59900,294500,3300000,71000,139900,249900,14900,349000
185000,244000,18000,29900,169900,370000,729000,398000,67000,119000
499900,215000,1160000,149000,20000,185500,174900,1350000,24900,299900
124900,14900,46350,210000,66500,379000,5000,220000,399000,599000
126900,94900,120000,359000,1750000,369000,399000,38000,305000,1250000
369000,37000,207500,142900,429000,164900,299900,119500,425000,625000
499900,299900,205800,265000,849000,249000,284900,38000,373000,70000
59900,84900,55900,760000,263900,437000,65000,1695000,80000,389900
110000,19900,219000,350000,420000,319900,219000,314900,230000,175000
625000,380000,785000,240000,229000,89900,40000,30000,282500,75000
1029000,269000,230000,159000,280000,117900,899000,624900,120000,99900
89900,279000,23000,379900,325000,55000,85900,149000,229000,60000
800000,600000,575000,172000,159900,74900,28000,374000,82000,109900
120000,745000,219900,99900,197000,650000,72000,110000,1665000,237000
1075000,549000,289000,134900,729000,20000,2950000,20000,349000,635000
285000,1695000,282500,69000,729000,249900,365000,149900,145000,489900
189900,155000,650000,1497000,33000,55000,259900,55000,629000,117900
320000,599900,519900,185000,359000,549500,65000,224000,85000,289000
415000,174900,539000,29900,134900,1275000,69450,658000,111900,1875000
49000,75000,1800000,335000,274900,429900,260000,1499000,2450000,124900
239900,65000,45500,998900,11500,424900,179500,1475000,365000,625000
365000,599000,43920,74900,1998000,305000,175900,215000,798500,239000
235000,374000,269900,26000,475000,296000,565000,689900,190000,2200000
229500,293900,159900,490000,80000,55000,369000,19999,359900,175000
175000,489900,139000,47999,115000,289900,479000,3250000,16200,330000
70900,115000,3999000,786000,259000,675000,599000,21900,150000,75000
189900,25000,210000,339000,49900,249900,32500,159500,299900,1900000
310900,129900,39900,2495000,29900,299000,959000,24900,275000,374999
249500,419000,130000,34900,490000,179000,759000,32900,1085000,209000
499900,124900,3499000,177500,515900,371000,229900,90000,79900,19600
137900,929000,49900,189500,80000,319900,249900,399000,135000,575000
248500,121000,1100000,300000,340000,160000,114900,76300,15450,129900
29000,250000,126900,419000,114898,549000,975000,169000,269900,699900
139900,24999,285000,40000,149900,179900,674000,170000,212000,25000
18500,199900,137900,569000,600000,69900,539000,84900,23900,229900
169900,325000,119900,350000,35500,13000,469900,310000,135000,1100000
135000,219000,419000,4600000,325000,199900,109500,450000,145000,284900
139900,59900,14900,59000,825000,237900,725000,1079000,597000,59900
335000,1395000,37500,67200,499000,289950,365000,225000,241900,24900
339900,175000,260000,137000,559650,149000,224900,130000,124500,675000
225000,327000,69900,650000,109900,179900,1500000,475000,319900,249900
239000,759000,15000,82000,275000,115000,104900,400000,199000,299900
37500,99500,219900,178900,424900,18000,314900,249900,749900,149900
1250000,110000,20000,1190000,130000,220000,105000,142500,84900,399500
145000,789000,133900,799000,279000,99900,219000,99000,159900,312500
379000,124900,69500,169500,289000,99000,619000,1395000,111900,29900
75000,3443052,17000,449900,99900,23000,2750000,164900,99000,70000
18000,164900,1165000,145000,510000,5000,999000,154900,225000,39900
159900,569000,475000,267000,159000,199000,29500,114900,164900,419900
1100000,529000,259900,39000,115000,1322000,310000,392500,224900,579000
850000,425000,219000,279900,17000,295000,325000,7000000,115000,180000
85000,699900,16000,135000,22250,13000,549500,31999,260000,489000
130000,39900,40000,55000,63000,4000,100000,369000,249000,364900
499000,90000,699900,27500,164900,21400,74900,48000,53719,5100000
224900,649000,329500,180000,192000,49900,799000,464000,90000,279000
305000,449000,189000,2395000,91000,249900,19000,180000,33000,289900
350000,179500,154900,799900,119900,849900,205900,49900,139900,589000
192000,4790000,262500,349900,95000,329900,99000,339000,40000,25000
675000,925000,499900,84900,19500,169000,319000,42000,169900,129900
1250000,114900,89900,1245000,499900,344900,60000,39900,365000,165000
190000,999000,259900,49900,649900,18900,34500,349000,329000,524000
199900,69000,550000,90000,24000,107900,115000,750000,189900,1202000
16000,1998000,79900,224500,290000,19900,1535000,104900,219000,88385
98000,429900,525000,76000,229000,279000,39000,299000,129000,200000
179900,359000,659000,269000,439900,2750000,45000,179900,249900,159000
5000,89900,114000,1150000,89900,1795000,115000,425000,25000,169900
134900,34900,223900,115000,150000,40000,139000,990000,1295000,3295000
20361,91987,3295000,115000,439000,194000,337500,1350000,31900,60000
274999,177900,50000,299900,424900,269900,689900,999000,45000,223500
299900,2995000,239000,29900,129900,449900,249900,799999,234500,319999
179900,37000,449900,359900,294500,849999,97000,74900,17000,82250
439900,65000,250000,159900,289000,134500,799900,3000000,129900,160000
459000,150000,5000,899000,159000,550000,399900,124900,99500,19600
260000,122000,164900,84777,64900,415000,224900,799000,149000,1650000
314900,29500,248516,599900,229000,31400,220500,950000,230000,349900
1799000,94900,19600,85000,39900,4000,39900,59900,156900,549500
219500,279000,55000,69900,189500,155000,1075000,400000,1149000,49900
1999000,28000,1149000,229000,87025,129900,199900,139000,210000,69900
579900,3000000,25000,631000,174000,229900,849900,82000,117000,225000
12900,174900,80000,169000,249000,70000,85000,55620,38000,269999
185000,649000,229000,290000,199000,449900,424900,39900,67999,390000
19900,249000,159900,65000,119900,650000,524900,135000,149900,29500
419900,134000,81000,275000,299900,49900,399000,284900,22000,450000
269000,429000,159900,129000,299000,249000,239000,44900,55000,339000
149000,192000,175000,18900,319000,425000,265000,75000,26000,49900
239000,39000,375000,1099000,850000,240000,829000,279000,499000,175000
229000,399000,115000,675000,200000,369000,185000,379900,1125000,399000
540000,409000,479000,265000,299000,63900,90000,215000,39500,269900
179000,409000,750000,275000,59000,330000,203900,129000,799000,399900
379000,74000,140000,329000,198000,59999,324900,45000,99900,529900
469900,12000,104900,234900,142000,199900,99000,17500,174000,18900
399000,179000,50000,299000,659000,1050,179000,245000,329000,49000
469900,240000,42600,619000,182900,145000,61139,299900,264000,114600
249500,74900,130000,1049000,365000,249900,219900,30000,225000,325000
209000,369900,29900,229000,290000,65000,250000,99900,545000,179000
95000,650000,49000,1550000,79000,599000,69900,259000,389000,764900
2590000,74000,52900,349900,489000,80000,189900,145000,22900,3000
270000,519900,18000,100000,69990,888000,2750000,649900,824900,89900
305000,124900,67200,239000,478900,189000,49000,665000,245000,13350
515000,120000,239900,124900,126900,359900,89000,1800000,129900,175000
195000,87900,48000,175000,125000,284900,44900,165000,259900,699000
145000,3490000,185000,939900,145000,514000,124500,160000,900000,450000
70000,139900,3999999,345000,128000,79900,299000,35000,107900,227000
285000,109900,459900,54500,279000,429000,124900,399000,1625000,145000
279000,2650000,67900,169900,199900,146500,39900,179015,145000,489000
99000,925000,320000,259900,27000,65000,279000,45720,279900,60000
120000,150000,414000,184900,615000,86900,429900,79900,998000,249900
150000,33000,312500,164500,419900,324900,89900,69900,290000,224900
639000,70000,799000,18000,24000,354900,650000,499000,299900,199000
629900,48000,2032000,549000,219000,24900,97900,1800000,274900,54000
255000,1100000,899000,14900,99500,159900,59000,309900,44000,58730
282500,364000,929000,42500,248900,84600,159900,1439000,84900,175000
479750,134900,39000,685000,12000,162500,1650000,55000,369000,10500
349900,479000,294900,20000,259000,159000,699000,219900,59900,1029000
39900,239900,99000,1690000,169000,299000,105000,49900,670000,29900
499000,259000,119900,18000,219000,63900,38000,225000,199000,57000
5000,209000,189000,17900,210000,128500,220000,699900,50000,209000
249900,1150000,449995,259900,249000,489000,1325000,459000,469000,100000
284900,595000,145000,349000,84000,129900,85000,275000,75000,295000
2950000,69900,195000,269000,152500,469000,124900,167500,14900,3000
2250000,759000,350000,4200000,219000,399000,39900,149000,184900,50000
99000,43900,27500,214900,399900,52900,99900,449000,249900,40000
455000,235000,164900,295000,199900,2650000,19999,370800,1665000,319000
750000,39900,649000,99900,134999,3495000,179000,252000,249900,18000
309900,75000,719900,165000,184400,300000,224000,85000,20190,158400
180000,229900,115000,399900,324900,259000,174000,380000,99900,58730
39000,229900,120000,144900,120000,149900,1728000,249000,175000,34900
550000,14500,237000,349900,99000,129900,165000,28000,259900,1385000
25000,2899000,145000,429900,144900,79000,105000,149000,274900,49000
59900,35000,145000,299000,54500,365000,99900,2649000,149900,89000
54900,39900,19500,469900,13500,20000,169000,17500,195000,279900
290000,94900,59900,339900,324900,156000,399000,186500,99900,169000
53900,600000,152475,121000,125000,15000,529000,55000,229000,77000
398000,164900,280000,225000,319900,179000,219900,315000,192000,325000
449000,339900,126900,1590000,18000,619000,130000,175000,749000,33600
599000,729000,35500,254900,1299000,149900,218800,150000,60000,207500
2500,8500,229900,85000,139000,54900,274900,675000,169900,39900
254000,999999,45000,1650000,1250000,59900,24999,245000,1299000,274900
169900,369000,25000,999000,290000,199900,227999,25000,140000,239900
37000,365000,15000,189900,279000,124900,519000,105000,330000,875000
79900,149900,295000,128000,1245000,69900,34900,129000,25000,155900
849000,249000,999000,80000,109000,184000,107900,300000,529000,162500
5700000,525000,689900,105000,158000,375000,419900,169900,180000,29900
24900,90000,82900,150625,405000,515000,349000,235000,510000,260000
79900,129000,53900,212500,192500,13000,31900,24900,174900,24000
899000,235000,4900000,2150000,278000,360000,64900,289000,412500,60000
50000,2175000,338700,280000,139000,499000,169900,429000,300000,170000
18000,375000,79900,28000,129000,319000,156900,2395000,439900,155000
3339588,249900,259900,114900,39900,99900,549000,409000,200000,499000
99000,29000,164900,79900,275000,999999,36000,1629000,34900,119900
23000,395000,28000,324900,149900,640000,485000,159000,1325000,129900
1449900,152500,109900,550000,169900,2750000,349900,2650000,26000,89900
210000,2495000,80000,1250000,399000,899000,49900,135000,299900,485000
824900,84900,289000,229900,149900,299000,349900,559650,405000,105000
98000,210000,134900,35500,349900,150000,649500,410000,259900,119000
239900,824900,150900,1050000,279000,379000,319000,59900,339900,234000
676000,25000,289000,85000,1150800,255000,249000,344,559000,462500
20000,5000,69000,114000,174900,79900,309000,19900,629000,80000
95900,1600000,81900,300000,5100000,349900,44000,239900,99000,279900
159000,329000,79900,64900,4374000,345000,166400,320000,29000,116900
195000,159000,230050,99900,260000,1079000,580000,1099900,114500,369000
499000,139000,130000,825000,299000,84000,80000,219950,124900,161000
114000,179000,189000,699000,795000,19800,329000,230000,249000,170000
2699000,90000,199900,949000,699000,268000,159900,240000,10500,169500
170000,1450000,254900,85000,15000,524000,299900,185000,159900,499000
149800,599900,199000,548000,13000,99500,145000,184900,256000,67999
460000,225000,45000,94760,134900,193000,449000,28672,14900,359000
399900,15450,295000,85000,180000,219900,450000,745000,234900,33000
90000,134900,12900,150000,45000,385000,289000,198750,135000,219900
1529500,55000,159000,85000,124900,55000,475000,85000,599000,475000
649000,229900,949000,115000,649000,2150000,103500,599000,199000,312500
78000,279900,279900,99500,82000,183500,24000,174900,145000,6900
239900,89000,169900,214900,625000,399000,676000,135000,149000,99900
435000,599900,48000,224900,46350,194900,59500,246900,195000,425000
119900,22400,1699000,899000,549000,299000,48900,189000,409900,1000000
950000,189000,210900,389900,44000,310000,250000,67900,525000,29000
80000,424500,299000,119000,25000,2995000,349900,549900,249900,60000
116000,179900,399900,1295000,140000,729000,59000,2500000,169900,224900
319000,179000,365000,179000,85000,25000,89000,475000,259000,126900
49900,326800,56100,199900,2995000,299900,190000,1000000,380000,18000
349000,475000,629000,17500,574999,30900,33600,849000,194900,635000
42600,1295000,329000,269000,25000,189900,159000,199900,489900,995000
335000,225000,106900,134900,85000,449500,399000,649000,170000,29900
79900,136000,500000,325000,999000,81900,389900,309000,69000,3895000
13000,1149000,500000,39900,249900,549000,119900,21000,750000,900000
59900,319000,170000,60000,925000,420770,1350000,26000,299900,624900
229000,170000,199900,79000,469900,289000,195000,15900,80000,235000
385000,35000,34900,359000,1850000,699900,145000,349000,49000,759000
599000,299000,411627,799900,759000,59900,950000,2100000,768000,40000
50500,215000,76900,299900,4000,109000,29900,239500,6900,224900
229000,1150800,84900,9000,57000,725000,450000,6900,2099000,159000
139000,424900,15500,389000,84900,529000,389000,169900,349000,119900
59000,324900,219000,99000,30900,54900,74900,45000,79900,54900
310000,179900,609900,160000,299000,78900,209000,35900,177500,489900
65000,48000,645000,250000,349500,475000,79000,249900,629000,289000
29000,169900,224900,175000,119000,60000,70000,189000,372000,495000
890000,149900,625000,29900,615000,105900,450000,39900,170000,229000
68000,354900,49500,229000,1075000,215000,40000,125000,1200000,124900
179000,1499900,149000,569000,34900,69900,89000,218800,39900,115000
99000,75000,421982,189900,199900,385000,170000,3600000,200000,3000
109900,1049000,669000,6800,340000,150900,395000,65000,229900,649000
375000,30000,229000,599000,449500,1900000,1295000,17900,189900,132500
39900,162000,129900,925000,949000,229000,189000,67200,129500,170000
25000,219000,252000,2668000,230000,14000,349900,60000,399900,179000
319000,499000,249000,555000,199000,339900,219900,419000,174900,1200000
89000,399000,199900,49630,1520000,95000,164900,1614492,299900,649000
95000,199000,88385,349000,219900,339000,329000,109900,2250000,354972
450000,74900,399900,22900,5000,189900,169000,324900,1000,725000
699000,40000,59900,189000,27500,149900,195000,20000,299900,34000
400000,499900,1400000,699000,49900,324900,475000,174900,399000,79500
799900,320000,649000,129987,177000,104900,40000,599000,159900,349000
159900,1900000,60000,44500,86900,6888,259000,84000,154900,399000
245000,399000,439900,114500,134900,94900,735000,267400,2225000,185000
274900,69900,139900,199000,25000,59900,559650,29000,79900,55000
70000,225000,379000,12000,169900,120000,50000,30000,699000,50000
199900,700000,142000,715000,259000,119000,39900,25000,140000,10000
15000,699000,2297637,159000,218000,348999,384900,178900,1499000,109000
144900,1050,265000,149900,169900,49900,1625000,369000,730000,55000
119999,369000,4690000,225000,170000,399000,359000,619000,79000,339000
275000,140000,159900,3450000,220000,165000,118000,160000,1299995,274900
75000,159900,119000,150000,249900,155900,339900,568000,49000,1650000
549900,322500,29900,250000,674900,79500,14900,184900,589900,399900
149000,49900,17000,234900,114900,299000,65000,279000,495000,24000
349000,490000,149900,1225000,50000,2650000,175000,15000,76900,55000
239000,4450000,249900,2349000,629900,399900,519900,125000,99500,424900
264900,549900,419000,71900,700000,98500,450000,179900,39900,192500
519500,79900,40000,495000,117900,5000,99900,199000,285000,59900