2.394567548248749,0
2.64035575319622,1
4.7101449275362315,1
1.293624941833411,1
2.675658445788739,1
7.429718875502008,1
1.2564245810055865,1
1.5346153846153847,0
3.669387755102041,1
18.527131782945737,1
3.28,1
3.0254777070063694,1
16.36,0
1.9064748201438848,1
1.4745541539799913,1
1.667778519012675,1
3.75,1
3.8229665071770333,1
2.3164823591363874,1
3.031875463306153,1
1.2981029810298104,0
7.482412060301508,0
10.23076923076923,1
64.70588235294117,0
5.7792642140468224,0
2.1945302161446847,0
3.3411371237458196,0
1.6638926788685524,0
1.4295925661186561,1
2.026351351351351,1
2.2044117647058825,1
1.7684615384615385,1
5.997777777777777,1
1.9268239878761637,0
5.415,0
1.8699186991869918,0
7.525125628140704,1
9.984609465178915,0
21.677966101694917,0
1.250113688040018,0
1.5046822742474917,1
582.0465686274509,1
20.996,1
1.5673202614379085,1
10.71425,1
5.4,0
8.088788562829194,0
1.8743047830923247,0
14.529058116232465,0
1.6142857142857143,1
14.748201438848922,1
2.2649164677804294,1
12.092826315789473,1
2.5685714285714285,0
1.4285690476190476,0
1.711427066877304,0
1.5335378323108384,1
5.688965517241379,1
4.838383838383838,1
3.4000240002400024,1
5.211111111111111,0
5.519623233908948,1
2.9680365296803655,0
2.335559265442404,0
7.160458452722063,1
1.3110938712179985,1
6.65,1
1.5197713196760363,1
17.574074074074073,1
4.324324324324325,1
2.5671812464265296,1
15.93125,1
1.6288220551378445,0
10.9,1
29.8,1
1.3840657439446367,0
2.2118742724097786,1
1.3038204972710734,1
9.996666666666666,1
6.2291926216359235,0
46.855345911949684,1
2.1733333333333333,1
4.40764467730412,1
13.933333333333334,1
3.989983305509182,1
6.148936170212766,0
5.915300546448087,1
2.395348837209302,0
4.932,0
1.2376190476190476,1
1.8458823529411765,1
1.8,0
4.614775725593668,0
1.2269938650306749,1
1.6422018348623852,1
1.418103448275862,0
6.067857142857143,1
1.3238095238095238,1
10.079520089285714,0
4.994994994994995,1
5.75,1
1.4782608695652173,0
3.575107296137339,1
10.30625,1
1.2366846071044133,0
1.5538527032779907,0
6.678260869565217,1
21.326666666666668,1
1.4071294559099436,0
2.4355555555555557,0
2.3933795227097767,1
62.531328320802004,1
10.0,1
38.5140562248996,1
1.3636327272727273,1
4.666666666666667,1
5.047058823529412,1
5.918032786885246,1
5.4125,1
2.1517761033369216,1
1.6793587174348696,1
3.7249283667621778,0
2.7374301675977653,0
23.069908814589667,1
5.1913875598086126,0
14.087248322147651,1
33.06613226452906,1
25.86027111574557,1
2.2092105263157893,1
3.209874074074074,1
4.0024019215372295,1
19.71267605633803,1
1.390566037735849,0
2.5544444444444445,0
4.076530612244898,0
59.9,1
4.689008042895442,1
1.2479166666666666,0
2.9545454545454546,1
2.4552069122328333,0
2.2737608003638017,0
18.975,1
5.533333333333333,1
8.257142857142858,1
3.278321289605336,0
6.736765772298767,0
3.7975951903807617,1
3.99875,0
1.596638655462185,0
4.2592592592592595,0
3.72,0
3.998666666666667,0
22.501125056252814,1
7.7631578947368425,1
3.0364741641337387,1
2.053719008264463,1
3.6666666666666665,0
2.125,1
1.505897771952818,1
8.407766990291263,0
4.366197183098592,1
19.702602230483272,1
5.792522380200105,0
2.3248062015503876,0
2.7475,0
3.987975951903808,0
1.3066666666666666,0
1.8029739776951672,0
1.9060052219321149,1
26.245,1
8.620689655172415,1
3.301812450748621,1
4.778151055718985,1
5.769230769230769,0
2.593182660244535,0
2.107142857142857,1
1.9254498714652957,1
3.2905027932960893,0
1.7910388059701492,1
2.893095768374165,0
15.920382165605096,1
21.298816568047336,1
1.743720930232558,0
1.6272189349112427,0
4.201680672268908,1
5.564005069708492,1
1.5527638190954773,0
5.110220440881764,1
5.25,1
2.244927536231884,1
1.4,0
2.311093990755008,1
1.2626262626262625,1
7.228915662650603,0
1.5360824742268042,0
5.596223848953958,1
7.125,1
1.200133422281521,1
3.9647058823529413,0
8.48,1
2.091405184174625,0
6.030100502512563,1
1.67190635451505,1
4.892512972572276,1
1.211731843575419,1
7.911646586345381,0
2.8537398761314914,1
1.2071657358077548,0
2.065182829888712,0
22.77777777777778,1
10.805405405405406,1
4.126178390137781,1
8.583690987124463,1
6.348645465253239,1
9.619246861924687,1
3.098188751191611,1
3.803738317757009,1
2.996498249124562,0
1.553002223869533,1
5.5,0
1.4392115136921095,0
1.3558823529411765,0
3.3942558746736293,1
7.71101573676681,0
12.396694214876034,0
2.3016421202736126,1
8.128911138923655,0
2.158,0
3.3783783783783785,1
5.4975,0
5.711428571428572,1
2.4406976744186046,1
1.432378223495702,1
5.8382022471910116,1
1.5589830508474576,0
1.912889935256033,1
2.9190992493744785,0
2.730769230769231,0
1.5158064516129033,1
8.148148148148149,1
7.929883138564274,1
2.0,1
4.127659574468085,0
9.045454545454545,0
2.507598784194529,0
2.7889447236180906,0
2.0408163265306123,0
11.000055000275001,0
7.779661016949152,1
3.741275167785235,1
1.921978021978022,0
2.839464882943144,0
16.663333333333334,1
2.2961480740370184,0
7.100591715976331,1
1.9250936329588015,0
10.58,1
9.215384615384615,1
1.5559673832468495,0
3.9951961569255405,1
15.74074074074074,1
4.461538461538462,1
2.717391304347826,1
2.2665406427221173,1
1.880503144654088,0
1.6222222222222222,1
10.978520286396181,0
1.6258129064532265,0
4.109589041095891,1
1.9648275862068965,1
66.25,1
1.4850074250371252,1
6.248436848686953,0
1.7374517374517375,0
1.4211009174311926,1
9.333333333333334,0
1.8312208138759172,1
1.9607692307692308,1
4.854748603351955,1
6.333333333333333,1
1.7248418631397355,1
3.909090909090909,1
3.306153846153846,1
2.710204081632653,1
2.4327704815509694,1
8.166666666666666,1
1.9556521739130435,1
2.8072289156626504,1
2.6341072858286627,0
3.665,1
2.335559265442404,0
3.959731543624161,0
3.467843631778058,1
1.4882758620689656,0
9.96661101836394,1
1.9279519679786525,1
3.2963855421686747,0
2.4447031431897557,1
2.295492487479132,0
1.211111111111111,1
7.325,1
17.304189435336976,1
4.666666666666667,0
1.5037593984962405,1
2.230508474576271,1
212.25825806451613,1
5.12962962962963,1
10.0,1
4.395516413130505,1
2.9608006672226854,0
4.164179104477612,0
1.792,1
1.720986376961545,0
1.6222222222222222,0
9.714859437751004,1
4.43839541547278,1
14.916666666666666,0
1.4893617021276595,1
1.896551724137931,0
2.7721518987341773,0
3.677857142857143,1
9.296482412060302,0
1.2013422818791946,1
9.669889963321108,0
69.18238993710692,1
1.9422857142857144,1
1.897810218978102,0
3.756040268456376,1
1.73,0
5.421686746987952,1
1.3168424881775191,0
4.039393939393939,1
2.0955710955710956,1
4.1495,0
18.120805369127517,1
1.4533333333333334,0
9.298998569384835,1
1.6369426751592357,1
3.1578947368421053,1
1.280112044817927,1
2.370304114490161,0
3.8777777777777778,0
6.827309236947791,1
26.261411879625804,1
1.665925925925926,0
10.053254437869823,1
4.074074074074074,1
4.116237003485345,0
1.4975,0
27.53061224489796,1
5.916236649465978,1
1.923432089265102,1
3.0884808013355594,0
1.7095238095238094,0
1.412595644496763,1
3.1757322175732217,1
5.466666666666667,1
2.391304347826087,1
3.813155386081983,0
1.507035175879397,0
5.912674348089752,1
3.23,0
4.392523364485982,0
4.441260744985673,1
10.666666666666666,1
2.6533333333333333,1
1.2291783119060928,1
23.605555555555554,1
1.2601040416166467,1
5.0026684456304205,0
2.64802825191289,1
7.138769670958512,0
4.691836734693878,1
12.56281407035176,1
1.5730337078651686,1
5.439330543933054,0
1.9946631087391595,1
2.945,0
1.9587939698492463,1
18.96551724137931,1
11.363636363636363,1
59.5,1
1.6923076923076923,0
1.3571428571428572,0
4.705535924617196,1
1.7352185089974292,1
3.306613226452906,0
6.322222222222222,0
3.7522935779816513,0
71.90632107023411,0
1.9868995633187774,1
14.788359788359788,1
6.8206620589305205,1
3.2162162162162162,1
11.533333333333333,1
5.441379310344828,1
5.967139656460045,1
2.7927927927927927,0
2.212121212121212,0
1.9543464665415884,1
11.632727272727273,0
22.228396776882466,1
14.6875,0
3.398,1
3.635294117647059,1
3.034427542033627,1
2.4388489208633093,1
2.919191919191919,1
2.2536348949919223,1
3.74247491638796,0
5.083050847457627,1
2.054149499705709,0
32.03203661327231,0
1.4052044609665428,0
1.2370829642751697,1
1.7741935483870968,1
4.375,1
3.816666666666667,1
25.993333333333332,1
25.789473684210527,1
1.333144927536232,1
1.653306613226453,1
1.4227491663579104,1
1.9933277731442869,1
2.2376875,1
7.349598424003637,0
1.2240816326530612,0
2.9167173252279635,1
2.2779369627507164,0
2.9215358931552586,0
4.453846153846154,1
1.5010006671114076,1
2.075,1
1.265365148228489,1
3.0761538461538462,1
2.5134078212290505,1
2.1794871794871793,1
1.408549953022236,0
1.9107468123861566,0
7.967213114754099,1
2.190909090909091,1
18.2475,0
2.658333333333333,0
3.1136363636363638,1
1.2550018188432157,0
1.7894736842105263,1
1.3636363636363635,0
1.7518796992481203,0
1.4636408003904344,0
3.756892230576441,1
45.90736,1
26.46470588235294,1
4.343478260869565,1
16.676773802304428,1
1.4142857142857144,1
2.073394495412844,1
42.939068100358426,0
3.3821263482280433,1
3.809944101206237,1
1.3333333333333333,1
2.423159399571122,1
1.4931506849315068,0
4.509018036072145,1
1.6256773655689871,1
6.162907268170426,1
1.2756378189094548,1
1.3067538126361655,0
2.0,1
3.12375,1
1.965065502183406,1
2.112350904193921,1
2.23899913718723,1
2.5146076794657763,1
24.023372287145243,1
8.99497487437186,1
9.161111111111111,0
8.03448275862069,1
102.0,1
6.44932214331827,1
5.639097744360902,1
8.777777777777779,0
6.361818181818182,1
53.0625,1
32.98153034300792,1
7.2383073496659245,1
3.520906685555949,1
3.4615384615384617,0
3.1,1
9.395973154362416,1
2.723132969034608,1
1.7307692307692308,1
2.2922922922922924,0
2.2307239552678046,0
3.2818181818181817,1
6.110173068805403,0
3.558474046278924,0
1.7790262172284643,1
1.251572327044025,1
3.8949152542372882,0
2.5463917525773194,0
5.038759689922481,0
1.447661469933185,1
2.6411657559198543,1
2.942105263157895,1
1.2017887087758525,0
1.867911941294196,1
45.96774193548387,0
3.3351862145636466,1
3.2574525745257454,0
1.727587533666795,1
1.508176100628931,0
3.1473684210526316,0
1.94,0
1.723448275862069,1
1.9138297872340426,1
1.3966480446927374,0
19.607142857142858,1
2.413103448275862,1
6.612676056338028,1
2.1770334928229667,0
2.0793950850661624,1
6.664102564102564,0
11.495652173913044,0
1.2661290322580645,0
2.5744775455758115,0
2.1326609775019394,1
5.666666666666667,1
1.3011834319526627,1
2.1666666666666665,1
13.855421686746988,1
70.83333333333333,1
1.4158333333333333,1
3.75,1
4.551034482758621,1
9.500475023751187,1
1.736604260813428,0
3.2324865280985375,1
17.8826895565093,0
1.2981029810298104,0
1.4200284005680113,0
2.0,0
1.2780821917808218,1
17.352941176470587,1
21.53846153846154,0
1.565217391304348,1
4.962962962962963,1
3.5473372781065087,0
1.6416630947278184,1
2.9245773732119638,1
6.329398496240602,1
2.4299599771297884,1
3.994285714285714,0
1.6576197283774123,0
2.199,1
1.2173700902659186,0
1.996,1
2.3411764705882354,0
10.06711409395973,0
3.798,1
3.893893893893894,0
8.234117647058824,0
8.4375,0
1.7115384615384615,1
17.172411637863682,1
1.8807692307692307,1
1.8888888888888888,1
15.012531328320803,1
47.0,1
1.9422061683801055,1
2.0,0
1.4695652173913043,0
1.494684177611007,1
2.2507817385866167,0
11.204310292046776,0
1.737037037037037,1
1.6842105263157894,0
11.333333333333334,1
5.843071786310517,1
17.166666666666668,1
4.032258064516129,1
1.2341561040693796,1
1.584848484848485,1
7.846715328467154,1
5.833333333333333,1
5.164575377341335,1
3.2581453634085213,0
1.375,0
15.75,1
3.69,1
1.4654618473895582,1
6.1377585814957945,1
29.4,1
3.5576923076923075,1
7.2681818181818185,0
1.4091858037578289,0
12.550200803212851,1
5.943820224719101,1
19.995454545454546,1
5.053333333333334,1
1.265871489034244,1
5.544444444444444,1
25.45090909090909,1
7.705607476635514,1
1.5604166666666666,1
94.93847614438094,1
35.89928057553957,1
2.0,0
8.947826086956521,1
2.0033444816053514,1
3.61875,0
2.44,0
2.786046511627907,0
1.2507817385866167,1
1.8120805369127517,1
1.402116402116402,0
2.8857269897732327,1
1.8305555555555555,1
3.847695390781563,1
1.7219827586206897,1
3.1,1
2.4390243902439024,0
3.913913913913914,1
4.4208611279563375,0
5.716666666666667,0
3.07,1
1.841025641025641,1
15.1010101010101,1
1.8231687641174572,0
20.206408010012517,1
7.174116911534854,1
1.4721311475409835,0
12.671957671957673,1
2.746153846153846,0
9.473684210526315,1
8.784848484848485,1
25.5,1
1.6,1
1.2427027027027027,1
2.2235817575083425,1
1.2139285714285715,0
17.45562130177515,1
1.4476040021063719,0
4.436619718309859,1
1.4541666666666666,1
1.6918238993710693,1
2.671118530884808,1
8.180163785259326,1
14.131313131313131,0
2.26,1
4.539393939393939,0
1.9498607242339834,1
5.163976759199484,1
7.0884070058381985,1
4.12625250501002,1
4.210150107219443,0
3.1070234113712374,1
3.2552301255230125,1
3.6475,0
3.5714285714285716,1
23.891304347826086,1
25.0,1
2.28,0
4.2420670391061455,1
2.0698435794834484,1
120.48192771084338,1
2.6137899954934656,1
1.6618958793578205,1
1.5221579961464355,1
3.781979977753059,1
44.388888888888886,1
24.947916666666668,1
1.3329523809523809,0
3.4726315789473685,1
3.4242424242424243,0
1.6,0
1.2094395280235988,0
11.004366812227074,1
1.25250501002004,1
104.10539215686275,0
2.6326666666666667,0
3.4693877551020407,1
4.453488372093023,1
2.0006635545181726,1
2.684563758389262,0
8.932960893854748,1
3.176767676767677,1
1.6503251625812907,1
2.2562814070351758,1
17.630522088353413,0
1.596265006669631,0
1.3703703703703705,1
5.888103651354535,0
8.666666666666666,1
7.595238095238095,0
1.3079291762894534,1
5.36,0
1.8052347959969206,1
36.69662921348315,1
2.366863905325444,0
8.414829659318638,1
21.666666666666668,1
2.7,1
5.517587939698492,1
7.876790830945558,1
2.6726057906458798,0
10.879025239338555,1
13.848720800889877,1
1.449405624818788,1
1.5037593984962405,0
2.212121212121212,0
1.5142314990512333,1
1.676923076923077,1
3.2205882352941178,1
3.537142857142857,1
1.5177380634835955,1
1.687830687830688,0
2.2966101694915255,0
7.101355713363461,1
3.5934782608695652,1
7.0,1
3.9489204844655084,1
6.848137535816619,1
2.925925925925926,0
5.29047619047619,1
1.5,0
75.12520868113522,1
4.230769230769231,1
1.3271386430678467,0
1.9997142857142858,0
7.635597682991048,1
5.257894736842105,1
5.208416833667335,1
34.386243386243386,0
10.115942028985508,0
1.5927051671732524,0
2.5018773466833544,0
1.695847923961981,0
15.37948717948718,1
1.2,1
3.949625,0
1.9181969949916529,0
3.9411764705882355,1
9.388220125786164,1
10.009099181073703,1
61.8,1
2.0508474576271185,1
1.36986301369863,1
1.9236363636363636,1
7.575757575757576,1
18.38064516129032,1
98.8538681948424,0
1.4336224149432955,0
1.9599851796961838,1
1.3231763619575254,1
6.03030303030303,0
6.136363636363637,1
9.975,1
4.611538461538461,1
13.818321785989223,1
2.05625,1
2.8971014492753624,0
6.111111111111111,1
4.495833333333334,1
6.521739130434782,1
6.329647182727752,1
1.834061135371179,1
5.55,0
8.254127063531765,0
129.40882352941176,1
1.7903055848261327,1
2.1538461538461537,1
2.060971737059384,1
1.5151515151515151,1
113.18181818181819,1
2.492857142857143,1
3.466666666666667,0
2.6381909547738696,1
13.977272727272727,1
4.583333333333333,1
3.1125,1
1.315578947368421,0
5.592074592074592,1
2.0430434782608695,1
1.6,1
2.1686143572621037,0
124.875,1
2.8097622027534417,1
14.57286432160804,1
14.63298379408961,1
2.477796006109634,0
3.0423280423280423,1
2.4377031419284942,1
1.5334518781951545,1
751.1737089201878,1
15.577889447236181,0
1.6408450704225352,1
2.854761904761905,1
3.5017508754377187,1
15.792031098153547,1
1.606024096385542,1
2.1317697228144987,1
5.441772151898734,1
4.184938036224976,1
20.7256046705588,0
13.34448160535117,1
2.8209677419354837,1
2.4575513851653263,0
941.6195856873823,1
3.040920716112532,1
3.2596153846153846,1
4.386734693877551,1
6.907894736842105,1
1.2183406113537119,0
7.666666666666667,1
1.550387596899225,0
2.1739130434782608,0
1.400200100050025,0
2.152173913043478,1
5.266666666666667,1
3.3075714285714284,1
1.9955530850472485,1
2.449814126394052,0
6.25142077744942,0
3.997777777777778,1
1.5716981132075472,0
10.750187546886721,1
1.9313304721030042,0
20.96638655462185,1
4.147353361945637,1
9.107449908925318,1
4.590163934426229,0
4.0095238095238095,1
2.7159763313609466,0
9.577464788732394,1
3.078853046594982,0
5.63030303030303,1
11.146153846153846,1
17.862068965517242,1
3.848354792560801,1
1.9095477386934674,1
13.122916666666667,1
5.182926829268292,1
3.592,1
12.378378378378379,1
3.2142857142857144,1
17.98,1
10.087719298245615,1
19.96662958843159,1
3.6956521739130435,0
6.796,1
2.3006503251625814,1
2.85,0
8.694782608695652,1
2.6666666666666665,1
2.023076923076923,1
1.3673469387755102,1
2.8297872340425534,1
9.264705882352942,1
3.8923076923076922,0
1.2411789124117891,0
128.94736842105263,1
4.006012024048096,0
4.692387904066736,1
1.9054878048780488,1
1.4170212765957446,1
3.865329512893983,0
1.9469565217391305,1
3.75,0
7.122302158273381,1
2.5444015444015444,1
11.507537688442211,1
2.5525114155251143,1
3.5416666666666665,1
1.3333333333333333,1
1.2195121951219512,0
1.9911012235817576,0
3.255639097744361,1
4.753846153846154,1
1.4403522818254604,0
1.5549792531120332,0
4.517803644221797,1
28.652173913043477,1
2.2628865979381443,1
4.0,0
1.8808777429467085,1
2.9072727272727272,1
2.5031289111389237,0
1.5572232645403377,1
68.07228915662651,1
1.3303571428571428,1
1.7017021276595745,0
6.975,0
2.4916666666666667,0
5.28042328042328,1
2.1889862327909886,0
2.4324324324324325,0
2.85192,0
1.9946631087391595,1
1.898,0
8.60506329113924,1
1.7016978723404255,1
2.632967032967033,1
24.576271186440678,1
3.4405506883604504,1
11.318051575931232,1
3.7688442211055277,1
7.484276729559748,1
10.391304347826088,1
1.9747899159663866,1
5.736486486486487,1
19.54090909090909,1
25.906735751295336,1
2.68389662027833,1
8.60034401376055,1
2.8072289156626504,0
1.5458066329398539,1
5.998,1
1.574286772878844,1
1.4480359472387303,1
4.966666666666667,1
12.534883720930232,1
1.9444444444444444,0
5.146565022421525,0
4.479166666666667,1
17.03125,0
1.7985611510791366,0
4.1592,1
9.315068493150685,1
5.576923076923077,1
1.308411214953271,1
1.3869537682077264,0
2.0319634703196345,0
16.0,1
8.450704225352112,1
41.681461012396376,1
9.986662220740246,0
7.993311036789297,0
3.4634334103156275,1
3.2012765106042416,0
1.3646012793176971,0
1.2658227848101267,0
5.871559633027523,0
15.093959731543624,1
1.3161361141602634,1
1.4190317195325544,0
4.8621621621621625,1
1.2500694637399277,0
2.8862444821731748,0
1.295060080106809,1
4.838235294117647,1
2.853061224489796,1
48.75,1
5.8,1
6.425,1
3.4876923076923076,1
7.304878048780488,1
1.7541353383458647,1
8.035172832019406,1
2.242048099301784,1
14.166666666666666,1
10.364298724954462,1
62.49995833333333,0
1.8134715025906736,0
2.313131313131313,0
3.311111111111111,0
6.7676923076923075,1
1.5634771732332708,1
2.1486988847583643,1
3.750468808601075,1
1.2317167051578137,1
2.7372549019607844,0
2.125,0
1.5333333333333334,1
2.5353805073431244,0
4.421404682274248,1
2.4545454545454546,1
4.584527220630372,1
4.691275167785235,1
1.9516407599309153,1
3.098507462686567,0
1.4814444444444443,0
5.962468723936614,0
2.0708237105465743,0
5.591182364729459,1
2.9899856938483547,1
3.997777777777778,1
7.6923076923076925,1
8.633093525179856,0
1.8458119658119658,1
1.6263552960800667,1
5.120267260579064,1
3.3192,1
2.893939393939394,1
2.283509574164047,1
4.2727272727272725,1
2.3342228152101403,0
5.026845637583893,1
6.830601092896175,1
8.123827392120075,1
3.117910447761194,1
3.06,0
179.8,1
3.459119496855346,1
3.2017614091273017,1
5.076530612244898,0
48.513513513513516,1
10.785824345146379,1
37.13060057197331,1
2.1947965310206805,1
2.932,0
1.4755944931163956,1
2.088262056414923,0
2.116,0
17.078916372202592,1
8.36380255941499,0
1.509090909090909,1
1.4429530201342282,0
1.6352941176470588,0
12.99995,1
1.381963681132656,0
2.1311475409836067,0
1.9451030350212912,1
6.3944530046224966,1
3.552690084481992,1
11.073825503355705,0
17.302367941712205,1
3.0,0
1.778523489932886,1
7.688963210702341,1
2.2423076923076923,0
2.1621621621621623,1
1.8558951965065502,0
1.4285714285714286,1
1.3054545454545454,1
8.474576271186441,0
10.67457627118644,0
2.413929083036907,1
7.292993630573249,0
4.308390022675737,0
1.521304347826087,1
1.5518008003557135,1
5.823293172690763,1
1.2681415929203539,1
3.0454545454545454,1
1.821705426356589,1
7.0487179487179485,1
1.9241512010427657,0
17.251612903225805,1
1.999959999799999,1
6.3580246913580245,0
1.911764705882353,1
1.744186046511628,1
1.2878787878787878,0
4.501286081737639,1
2.4721649484536083,1
18.956796628029505,1
4.336734693877551,1
9.975,1
1.5012531328320802,0
3.5022307202039515,1
1.5369230769230768,1
11.803607214428858,1
33.98,1
54.00801603206413,1
3.2,0
29.332666666666668,0
2.074235807860262,1
1.9841059602649007,1
1.5353805073431241,1
38.333333333333336,1
1.4996666666666667,0
1.3975421549014004,1
2.979101823032459,1
23.696296296296296,1
7.167755991285403,1
1.2710706150341686,1
1.270909090909091,0
1.2225806451612904,0
2.6875,1
23.026052104208418,1
1.495,1
2.2,1
2.8967334035827186,1
4.2775393419170245,0
2.000727537286286,0
1.6921875,0
8.327777777777778,0
3.75,1
2.7586206896551726,1
3.4565217391304346,1
71.39285714285714,1
5.0174672489082965,1
1.492674518816432,1
1.4381294964028777,0
3.004291845493562,1
3.8461538461538463,1
91.88191881918819,0
2.001335113484646,0
4.356243949661181,0
2.4387533875338754,0
7.222222222222222,1
1.3422857142857143,0
3.0574162679425836,0
2.2053921568627453,0
3.5,0
1.873015873015873,0
3.231913801949718,1
6.329113924050633,1
13.592108736869895,1
9.225,1
5.173305742369374,1
25.24,0
1.321264367816092,1
10.364634146341464,0
1.9230769230769231,0
2.2333333333333334,1
2.809364548494983,1
14.813333333333333,1
1.2566153846153847,1
1.6711409395973154,0
2.6196542311191995,0
2.2506253126563283,1
16.648333333333333,1
4.277286135693215,0
1.4652641878669277,0
3.8125568698817105,1
15.992199739991333,1
6.56160458452722,1
1.4375069110909187,0
4.712260216847373,1
1.23659793814433,1
3.6958234830575254,0
1.4909939959973315,1
1.3966480446927374,0
2.9333,0
13.55813953488372,0
2.1125,1
3.557142857142857,0
1.5282272563825963,1
7.105236842105263,1
1.4669724770642203,1
3.2040050062578223,1
9.057971014492754,1
3.134796238244514,0
1.65,0
1.3811338732729872,1
1.291909924937448,0
5.945441827931919,1
1.7518796992481203,0
1.9603921568627451,1
1.2608695652173914,1
1.5352650130970475,1
3.0785219399538106,1
2.0253164556962027,1
28.559322033898304,1
3.5081081081081082,0
1.2663755458515285,1
2.2608040201005024,0
10.649122807017545,0
5.735378461447962,1
4.796,0
2.407035175879397,1
15.973333333333333,1
1.4994117647058824,1
5.532666666666667,1
2.242744063324538,1
3.4910614525139665,0
5.75,1
2.7979981801637854,1
3.6775522212415415,0
2.2109375,1
2.127659574468085,1
6.557142857142857,1
1.4458073394495412,1
2.8352234823215476,0
12.512562814070352,1
2.46,1
5.421184320266889,1
3.888148148148148,1
5.081355932203389,0
10.731174972717351,0
37.919463087248324,0
2.1619365609348913,0
1.4708442123585728,1
7.68177028451001,0
6.0227272727272725,1
1.2842857142857143,1
1.2416107382550337,0
6.760416666666667,1
4.522613065326633,1
3.1335820895522386,0
3.3950617283950617,1
6.01002004008016,1
1.4004914004914004,0
20.454545454545453,1
1.472093023255814,1
2.109777015437393,1
2.4375,1
3.131065532766383,0
2.0552380952380953,1
14.655172413793103,0
3.698224852071006,1
7.339240506329114,0
1.3377926421404682,0
58.27777777777778,1
7.830601092896175,1
1.9328815747015167,0
1.627659574468085,0
5.506122448979592,1
18.089053803339517,1
1.5947955390334572,0
1.2395348837209301,1
1.2008032128514057,0
5.32293986636971,1
6.163636363636364,1
2.3422818791946307,0
7.005604483586869,0
12.647058823529411,0
5.001667222407469,1
5.439512619669277,1
3.0341296928327646,1
3.7889273356401385,1
5.492857142857143,0
4.566666666666666,1
3.9951997599879996,0
1.5381408920383493,1
11.620111731843576,0
7.153846153846154,0
9.5,1
3.5243292405638926,1
2.363083164300203,1
6.111111111111111,1
4.505632040050062,1
1.3103037522334724,1
10.2002002002002,1
2.4507637149452384,0
22.6666,1
10.066442953020134,0
15.01002004008016,1
1.7796610169491525,0
2.9007251812953236,0
2.097704918032787,0
1.3142857142857143,1
5.814376706096452,0
3.002001334222815,0
12.135922330097088,1
2.6508875739644973,1
9.70873786407767,1
2.92,1
3.6247723132969036,1
12.222222222222221,0
3.6443768996960486,1
2.029810298102981,1
6.1069573914782955,1
23.6,1
12.552301255230125,1
6.602491506228765,0
2.1354545454545453,1
6.156790661537587,1
1.5763135946622184,1
1.237785016286645,1
3.2158170557408288,1
3.189125295508274,1
13.32,1
1.6162002382387977,1
2.4505119453924915,1
1.536097212294496,1
2.2298850574712645,1
27.2,0
2.675757575757576,1
1.5009380863039399,1
1.298278268962308,1
7.6769025367156205,0
6.707142857142857,1
1.7453963170536428,1
1.2885906040268456,0
9.25925925925926,0
1.3322884012539185,1
3.533333333333333,0
1.9192307692307693,0
9.13341836734694,1
15.99,0
1.9259259259259258,0
7.194444444444445,1
1.5271195365982095,0
2.5,1
2.2884615384615383,0
1.4,1
2.526315789473684,1
3.9266666666666667,0
6.128205128205129,0
2.9306666666666668,0
3.5416666666666665,0
2.971326164874552,1
2.8514285714285714,1
5.897085610200365,0
5.629139072847682,1
1.4745851988411904,0
18.49518161601186,1
1.5048908954100828,1
2.3846153846153846,0
24.709382151029747,1
1.3867047891350965,1
14.705867647058824,0
2.243107769423559,1
1.74235807860262,1
5.869565217391305,0
1.845,1
2.0535135135135136,0
2.819548872180451,0
5.418943533697632,0
8.014028056112224,0
1.2228285584356526,1
1.2861230329041489,1
16.73773987206823,1
1.8444444444444446,1
3.7579310344827586,1
11.245,1
2.1724137931034484,1
3.2051282051282053,1
1.3202933985330074,1
1.8075471698113208,0
4.679186228482003,0
2.388888888888889,1
6.832911392405063,1
3.4807407407407407,1
2.5071090047393363,1
2.8565714285714288,0
2.0761538461538462,1
3.7890269778720826,1
3.3,1
3.7688442211055277,1
2.2244759972954697,1
3.1681753215817055,1
4.033559212649242,1
1.628053035589672,1
1.8984803714647531,1
9.770114942528735,1
1.6660377358490566,0
3.002144388849178,1
1.3751145928827402,1
3.525603296056504,0
1.429388221841052,1
1.243859649122807,1
25.0,1
2.2849162011173183,1
2.727272727272727,0
5.593220338983051,1
1.5806201550387597,1
1.9979994998749688,0
1.5223350253807106,1
4.887640449438202,1
2.089299587992937,1
4.8,0
1.8469656992084433,0
2.311875,0
2.2512506948304614,1
3.673469387755102,1
3.8813559322033897,0
17.658321060382917,1
4.4610091743119265,1
9.504752376188094,0
1.2278308321964528,1
1.9739336492890995,0
1.3328859060402685,0
7.2272727272727275,1
27.386861313868614,1
1.4991666666666668,0
2.0800421274354925,1
43.411764705882355,1
1.7627450980392156,0
3.8,0
125.0,1
1.666,0
1.8300061000203334,0
5.121621621621622,0
2.35,0
3.300055000916682,0
7.22,0
5.3043043043043046,0
14.36551724137931,1
15.527638190954773,1
6.226415094339623,1
2.6964560862865947,1
7.392592592592592,1
39.15833333333333,1
2.2392755004766443,1
1.4077464788732394,1
5.6571428571428575,1
9.206349206349206,0
2.796,1
2.0592020592020592,1
3.7974683544303796,1
5.119825708061002,1
10.641935483870968,1
44.00176007040282,1
30.227272727272727,1
2.1790341578327443,1
1.5716530932990427,0
4.890909090909091,1
11.778563015312132,1
23.377926421404684,1
3.8289676425269645,1
2.156756756756757,0
2.6666666666666665,1
2.9780564263322886,0
31.772727272727273,1
10.401606425702811,1
24.99642857142857,1
1.625,1
2.2290502793296088,1
5.98,1
627.6190476190476,0
1.3687150837988826,1
6.714285714285714,1
1.3962264150943395,0
35.71071428571429,1
1.5376344086021505,1
1.4476040021063719,1
1.4221757322175732,0
2.333968556455455,0
1.7146260123868509,0
1.2699132889695504,1
3.0,1
8.56857142857143,1
1.9579166666666667,0
14.530516431924882,1
1.2613793103448276,1
4.90521598325128,0
2.303664921465969,1
3.653658536585366,1
2.603206412825651,0
3.332,0
40.689655172413794,1
1.3127697841726618,1
1.4380475594493116,1
1.9121739130434783,1
2.9265136252003705,1
4.990909090909091,1
105.54444444444445,1
6.224,1
6.496655518394649,1
2.5925925925925926,0
1.2359882005899705,1
1.8442801217920834,1
1.4,1
2.8125,1
1.99,0
1.4878571428571428,0
7.111111111111111,1
3.3311081441922563,1
8.069230769230769,0
1.4605842336934773,0
7.33,1
1.4444444444444444,1
3.6153846153846154,0
1.819672131147541,0
1.4201183431952662,0
2.6752508361204015,1
1.3631818181818183,0
1.5279241306638567,1
4.749163879598663,1
5.01432664756447,1
1.3438202247191011,0
1.750877192982456,0
6.996666666666667,1
3.323232323232323,1
15.51551724137931,1
1.4155405405405406,1
1.5625,1
15.625,1
7.99554565701559,1
1.3754646840148699,0
26.817073170731707,0
1.3636313131313131,0
2.064306784660767,1
1.5309375,0
6.630434782608695,1
4.042553191489362,1
3.003003003003003,1
1.7698564593301436,0
7.65886287625418,0
4.461538461538462,1
2.5025025025025025,0
3.0446927374301676,1
2.771604938271605,1
3.8751472320376914,1
5.3478260869565215,1
5.472222222222222,1
4.0,1
6.152292307692307,1
12.965625,1
1.527947598253275,1
3.4619823054237724,1
1.6564245810055866,1
6.842105263157895,0
31.632653061224488,0
7.582278481012659,1
3.7052932761087267,0
1.966323907455013,1
1.7943589743589743,0
5.558643690939411,1
1.5496124031007752,1
9.244047619047619,1
1.6366530241018644,1
1.3773584905660377,1
1.6382765531062125,0
5.75,0
54.083333333333336,0
2.522796352583587,1
2.111764705882353,1
1.6389953171562366,1
5.565092989985694,1
5.0,1
2.1066666666666665,0
2.1106666666666665,1
6.8922305764411025,0
11.387243735763098,0
1.644,0
3.549309194854693,1
41.4410480349345,1
18.867924528301888,1
3.6,1
3.132118451025057,1
8.41688654353562,1
35.0,1
6.614366729678639,1
6.1125,1
1.309655172413793,1
7.633333333333334,1
2.2307239552678046,0
3.2941176470588234,1
4.2,1
1.6968838526912182,1
4.803202134756504,1
7.520891364902507,1
4.93730407523511,1
11.984793917567027,1
3.111111111111111,1
1.2725450901803608,1
1.6662222222222223,0
6.9957081545064375,1
4.6898061288305195,0
1.5886090844904683,0
1.3292547274749722,1
1.9255555555555555,1
5.555555555555555,0
12.687526789541364,1
4.2314202184951535,0
9.17575083426029,1
1.7033333333333334,0
1.2213333333333334,1
4.577464788732394,1
11.094674556213018,1
7.86,1
8.36448598130841,0
1.3045751633986928,1
1.3636363636363635,1
1.6277931474781868,1
51.285714285714285,1
142.6530612244898,1
17.653846153846153,1
11.557788944723619,0
1.8170426065162908,1
1.6216216216216217,1
29.576923076923077,1
2.929411764705882,1
53.763440860215056,1
2.2636103151862463,1
17.10239651416122,1
2.4419535628502804,1
3.556547619047619,0
2.533862433862434,1
13.571428571428571,1
18.352059925093634,0
4.466666666666667,1
2.5210526315789474,0
5.222013758599124,1
1.9536363636363636,1
2.1151439299123904,0
2.1681120747164777,1
18.35372636262514,1
12.751677852348994,0
2.75,1
1.96,1
4.291666666666667,1
1.9207365892714172,0
2.836091410559496,1
20.224719101123597,0
1.3471901462663587,1
1.3111111111111111,1
2.7640863612427595,1
2.142857142857143,1
14.130434782608695,1
3.0692307692307694,1
6.5346153846153845,1
1.6565714285714286,0
3.283582089552239,1
2.094714025500911,1
3.364341085271318,1
3.003003003003003,1
3.8435897435897437,0
11.000500250125063,0
1.614814814814815,1
19.497041420118343,1
9.218220991074176,1
4.565217391304348,1
6.336585365853659,0
2.2580645161290325,0
1.669449081803005,0
2.218430034129693,1
3.6458333333333335,1
2.2792,0
3.6748329621380846,1
2.6894959599846096,0
8.437339055793991,0
2.2889842632331905,0
8.746867167919799,0
8.076,0
4.040887342322749,0
2.7818181818181817,1
21.923076923076923,1
3.999231993855951,1
3.12,1
5.12,0
24.06896551724138,1
5.08054054054054,1
3.5448275862068965,1
1.285140562248996,1
2.0,1
6.012531328320802,1
5.005006257822278,1
2.2690763052208833,0
15.05586592178771,0
1.4609218436873748,1
1.4670886075949368,0
1.8005802320928372,0
1.8336112037345782,0
1.4751732522796352,0
1.9952153110047848,0
1.9985714285714287,1
11.5942,1
1.6020025031289111,0
8.542857142857143,0
2.103799814643188,0
1.3636363636363635,0
2.027536231884058,0
1.445538365369589,1
1.6580786026200873,1
9.771428571428572,1
11.98,1
7.583333333333333,1
8.085714285714285,0
2.158273381294964,0
21.511804444444444,0
1.375,1
2.8297161936560933,1
6.637758505670447,1
3.3277591973244145,0
1.650550183394465,1
2.5932666060054594,0
8.438532110091742,0
1.5376344086021505,0
3.1945556445156127,1
11.206896551724139,1
12.82857142857143,1
1.329479768786127,1
2.9282828282828284,1
1.306532663316583,1
2.823445318084346,1
9.498207885304659,0
2.5022091310751104,1
1.3645051194539248,1
4.486591478696742,0
3.372413793103448,1
7.9998,0
1.2805122048819528,0
5.526666666666666,1
1.9142857142857144,0
10.833333333333334,0
3.042452830188679,1
1.4646511627906977,1
2.6634059582036462,1
1.210637177461822,0
13.112244897959183,1
2.2781065088757395,1
1.2164021164021164,0
9.23076923076923,0
2.50501002004008,1
1.7424518006547836,0
9.343434343434344,1
1.2312427856868027,1
2.4074074074074074,0
6.102362204724409,0
4.665,0
5.54320987654321,0
1.5854285714285714,0
3.2064128256513027,1
15.771812080536913,0
18.895278481012657,0
3.43810888252149,1
10.396415856634265,1
1.35998,1
22.91977077363897,1
2.2132822477650063,0
3.111764705882353,1
2.09163179916318,1
4.032258064516129,0
3.507537688442211,0
19.325083333333332,1
1.25,1
2.2390481341265547,1
7.077100115074798,1
5.380475594493117,1
3.9935974389755904,1
1.533049040511727,1
6.720867208672087,1
3.1866666666666665,1
114.70588235294117,1
1.638655462184874,0
2.631666666666667,1
6.175292153589315,1
7.03964431270841,0
2.146551724137931,1
1.840952380952381,0
1.785,1
3.097717704409484,0
1.4492753623188406,1
1.325088339222615,0
2.471022128556375,0
4.545454545454546,0
1.8996960486322187,1
1.2923976608187135,1
1.2861230329041489,1
1.2894619831036016,0
1.752,0
2.917628945342571,1
13.2,0
9.553072625698324,0
10.58095238095238,0
6.410821643286573,1
1.69,1
356.0,1
2.081818181818182,1
1.4102564102564104,0
9.128571428571428,1
44.388888888888886,1
14.7875,1
1.3026052104208417,1
1.507035175879397,0
3.2094353109363833,0
1.7875691783737762,1
1.673953488372093,1
3.9993333333333334,1
10.805500982318271,1
3.346683354192741,1
57.35294117647059,1
1.8345563709139425,1
31.285714285714285,1
13.03448275862069,1
4.921538461538462,1
4.743429286608261,1
4.909090909090909,0
26.82758620689655,1
3.072100313479624,1
13.122916666666667,1
3.7012750455373404,1
8.795180722891565,1
18.38610827374872,1
5.090740740740741,1
1.601067378252168,1
2.150632911392405,0
5.877777777777778,0
1.9051348999129678,1
1.9977777777777779,0
1.2439807383627608,1
13.177272727272728,0
6.124031007751938,1
4.083094555873926,0
2.18125,1
3.306122448979592,0
1.929122807017544,0
6.28476084538376,1
2.6672224074691564,1
45.736434108527135,1
4.313725490196078,0
60.33557046979866,1
1.607035175879397,1
5.252542372881356,1
1.3347727272727272,0
82.3529411764706,1
4.002976190476191,1
1.5447877306068014,1
12.636612021857923,0
7.243161094224924,1
2.490613266583229,0
2.9347826086956523,1
1.5877551020408163,1
9.63119266055046,0
2.6210526315789475,0
28.387959866220736,1
1.5209302325581395,1
6.3619827194179175,1
3.711864406779661,0
1.582010582010582,1
1.288495575221239,1
21.858823529411765,1
2.942080378250591,1
8.999374609130706,1
2.061248527679623,1
3.2,0
3.1726907630522088,0
2.2221777777777776,1
3.761755485893417,1
1.6302334197851056,1
5.477386934673367,1
6.675567423230975,1
15.873015873015873,1
1.7521777221526909,1
15.58,1
2.472042377869335,1
1.4155339805825242,1
5.052941176470588,1
16.95,1
5.818181818181818,0
1.3514492753623188,1
2.600640256102441,1
1.5518008003557135,1
4.366666666666666,1
3.9951961569255405,0
2.59,1
1.8092805449127287,0
2.4792899408284024,1
83.64341085271317,1
2.81196089706728,1
3.556338028169014,1
17.564102564102566,1
13.541666666666666,1
30.0,1
35.142857142857146,1
1.3689625607316376,1
14.745,0
1.628930817610063,0
3.178717598908595,1
17.178631051752923,1
59.98,1
12.22,1
291.17379435850773,1
3.4534534534534536,0
5.007153075822604,0
2.252112676056338,0
5.998666666666667,1
1.935933147632312,1
1.334075723830735,0
17.669616519174042,0
31.470588235294116,1
1.5257628814407203,0
1.88,0
2.734736842105263,1
12.052631578947368,1
6.012531328320802,1
17.07070707070707,0
1.7692307692307692,0
2.1042084168336674,0
22.40802675585284,1
1.5767025089605735,1
1.9728070175438597,0
2.5,1
8.516290726817042,1
9.976666666666667,1
8.668367346938776,0
1.7137142857142857,1
6.46448087431694,1
7.0,1
1.5533333333333332,1
5.175438596491228,0
1.226989417989418,0
90.16032064128257,0
1.6461847389558233,1
4.109677419354838,1
1.9266409266409266,0
6.661111111111111,1
3.427230046948357,1
5.921052631578948,1
3.491228070175439,0
1.7808219178082192,0
1.6583333333333334,1
1.5128205128205128,0
3.1446540880503147,1
4.260651629072682,0
11.300174520069808,0
137.86764705882354,0
6.513784461152882,0
11.1125,0
14.744094488188976,1
2.255786582973715,1
1.563204005006258,1
2.753061224489796,1
5.9118236472945895,1
1.272189349112426,0
41.8,1
10.558659217877095,1
1.6342412451361867,0
3.181363636363636,0
4.18,1
1.5538847117794485,1
10.0,1
3.1372549019607843,1
2.462663587374904,1
5.983935742971887,1
1.5719101123595505,1
1.4166666666666667,0
6.408544726301735,1
2.3037455105182145,1
4.1732776617954075,1
4.601840736294518,1
1.7314159292035398,1
1.963855421686747,0
2.886710239651416,1
4.69,1
4.5682102628285355,1
16.18918918918919,1
5.060975609756097,1
3.8172727272727274,1
7.757575757575758,1
1.5436293436293436,0
1.234920634920635,1
5.7172413793103445,1
1.2502502502502502,1
15.328467153284672,1
1.2984415584415585,1
1.69,1
3.164824120603015,0
11.503759398496241,0
4.6938775510204085,0
2.0884520884520885,0
2.406896551724138,1
1.5464285714285715,1
3.235294117647059,1
3.933333333333333,0
1.8008008008008007,1
3.2366906474820145,1
2.6719101123595506,1
6.134969325153374,1
24.495,1
3.5294117647058822,1
4.7418335089567965,0
3.8,0
1.2512512512512513,1
23.51764705882353,1
42.20314735336195,1
1.3794871794871795,1
3.0754098360655737,1
1.3410728582866294,0
4.966666666666667,1
2.0,1
11.526623576485072,0
4.777777777777778,0
1.951111111111111,0
5.8,1
2.964426877470356,1
12.0,1
1.821917808219178,0
3.7343358395989976,1
3.698,1
1.9942857142857142,0
3.5,1
7.68065268065268,0
5.0,0
4.1390532544378695,1
1.3829787234042554,0
2.361111111111111,1
3.526666666666667,0
1.5718370264474624,0
2.759259259259259,0
4.3177270908363345,0
21.663333333333334,1
2.322751322751323,1
10.485224022878933,1
2.01005291005291,0
2.255125284738041,1
7.8145454545454545,1
7.559546313799622,1
4.494494494494495,1
6.2475,1
4.085904920767306,1
61.42857142857143,1
3.0807017543859647,1
2.0487179487179485,0
3.558398220244716,0
1.5858823529411765,1
51.16796440489433,0
2.3209283713485394,1
4.595422598666427,1
2.3597025016903315,1
6.767676767676767,1
1.3636363636363635,1
4.509018036072145,1
5.974874371859296,1
1.2564102564102564,1
4.506139154160982,0
5.2100840336134455,0
5.575221238938053,1
15.369127516778523,1
2.427142857142857,1
1.4983333333333333,0
1.3960893854748604,0
1.500277932184547,1
3.3833333333333333,1
7.1112068965517246,1
6.36316606311433,1
3.454181818181818,1
13.04,1
4.661016949152542,1
3.065081351689612,1
1.3898069229431205,1
3.8440366972477062,0
1.2727272727272727,0
6.716141001855288,1
5.555555555555555,0
1.9361702127659575,1
1.7889630078835659,0
13.256628314157078,1
18.54092704635232,0
5.219435736677116,1
16.353711790393014,1
40.19607843137255,1
6.795422031473533,1
1.640926640926641,1
1.2406896551724138,1
13.75,0
13.06030150753769,0
2.6000520010400208,1
1.4106073567151411,0
5.663775850567045,1
1.272617611580217,0
4.732287723093564,0
16.821052631578947,1
2.962962962962963,1
1.3109341619731987,1
18.796992481203006,1
6.496496496496497,1
25.889080659856738,1
1.4078212290502794,1
13.883333333333333,1
1.2264150943396226,1
9.620689655172415,1
2.2895821071218365,1
1.3582417582417583,1
14.0,0
4.132,1
4.363030303030303,1
1.6268980477223427,1
2.635294117647059,1
7.845468053491827,1
2.6551724137931036,1
1.7005003573981414,0
6.934782608695652,0
10.337640683618174,1
1.2857142857142858,1
1.2772222222222223,1
3.477391304347826,1
1.2544401544401544,0
2.1839080459770117,1
1.7010045973097225,0
2.7714285714285714,0
2.596,1
1.8710888610763454,1
39.93333333333333,1
7.13971397139714,0
188.5505296469652,1
33.73321212121212,1
1.3552060737527114,1
2.3517647058823528,1
4.003003003003003,1
5.894871794871795,0
1.2075,1
1.2491666666666668,1
6.9397590361445785,1
5.01432664756447,1
6.5665236051502145,1
1.454040404040404,0
95.90405904059041,1
36.105555555555554,1
1.787037037037037,1
2.090909090909091,0
1.2556976097832129,1
1.4509803921568627,1
12.25,1
1.6166281755196306,1
2.830188679245283,1
6.112852664576803,1
1.2614136581122226,0
1.60625,1
3.75,1
7.412825651302605,1
1.502092050209205,0
3.847337642351493,0
2.539657142857143,1
3.364729458917836,1
2.512562814070352,1
3.1746031746031744,0
240.0,1
3.474308300395257,1
12.768602077302912,1
37.93103448275862,1
1.4763713080168777,0
1.312121212121212,1
5.892857142857143,1
5.328972681800693,1
1.8595825426944972,0
1.4766153846153847,1
4.4692737430167595,0
10.062893081761006,0
11.484848484848484,1
8.123569794050344,1
7.138769670958512,0
3.7153472420691624,1
1.7088607594936709,1
1.3453846153846154,1
2.7217765042979942,1
1.6727272727272726,1
7.5,1
18.473855421686746,1
124.16107382550335,1
115.96,1
2.9648275862068965,1
1.8341772151898734,1
1.4190476190476191,0
5.610204081632653,1
7.826086956521739,1
2.545801526717557,0
10.909090909090908,0
1.7304189435336976,0
19.79969183359014,1
2.7038539553752536,1
54.5,1
1.666,1
24.944444444444443,0
28.989473684210527,1
33.83458646616541,1
2.0240506329113925,1
6.01002004008016,1
1.896551724137931,1
34.25714285714286,1
4.40125786163522,0
4.555555555555555,1
1.427027027027027,1
1.7876969242310579,0
2.1024432662907797,1
3.899441340782123,1
39.21568627450981,1
7.744474212993972,1
4.883882783882784,1
13.104849279161206,1
6.25,1
2.090625,1
2.2666666666666666,0
2.9993333333333334,1
7.4975,1
1.7114285714285715,1
2.0620689655172413,1
6.697247706422019,0
26.516516516516518,1
1.6842696629213483,1
2.845528455284553,1
5.2844444444444445,0
2.0676691729323307,1
1.7354716981132075,1
1.4420660772452303,0
2.6815742397137745,1
4.519913885898816,1
1.78125,1
2.5166767738023044,1
1.4301075268817205,0
4.131944444444445,0
56.93877551020408,1
3.557142857142857,1
6.055882631728612,0
1.2456228114057029,0
1.6002400960384153,1
2.7538922155688623,0
22.4,1
1.3689839572192513,0
1.6027027027027028,0
1.3759398496240602,0
24.097435897435897,0
1.4814814814814814,1
9.657142857142857,1
1.4353846153846155,0
7.047058823529412,1
3.5714285714285716,0
1.2124582869855396,1
3.632504548211037,1
5.643756050338819,1
2.7167381974248928,1
10.060975609756097,1
2.393385552654482,0
10.0,1
9.559748427672956,0
8.571428571428571,1
1.875,1
375.0,1
1.636060606060606,1
159.99333333333334,1
3.0558482613277134,1
5.674457429048414,1
2.082692307692308,1
2.1394101876675604,0
1.6916916916916918,1
6.518394648829432,1
2.480349344978166,1
165.73816155988857,1
1.594949494949495,1
14.792560801144493,1
2.4092369477911646,0
1.533689126084056,0
8.064516129032258,1
12.557077625570777,1
6.811623246492986,1
1.383166568569747,0
7.088846880907372,1
1.595959595959596,1
16.84375,0
8.19112627986348,0
11.131725417439704,0
1.2601239669421487,0
8.333333333333334,0
9.618181818181819,1
2.9740259740259742,0
148.37092731829574,1
3.783231083844581,1
27.725752508361204,1
13.56,1
20.00063335444515,1
2.3703703703703702,1
6.720430107526882,1
1.8767123287671232,1
2.842857142857143,1
3.6322188449848025,1
3.0707610146862483,0
4.397058823529412,1
76.72,1
8.046153846153846,1
18.072289156626507,1
2.1185308848080133,0
6.847911741528763,1
7.0606060606060606,1
1.7384615384615385,0
4.418560606060606,1
1.4458461538461538,0
8.120805369127517,1
3.4226190476190474,1
35.82718651211802,1
19.75,1
2.4135839902971497,0
1.2444444444444445,1
1.7871508379888268,0
1.4324693042291952,1
1.6927083333333333,1
1.4001600640256102,0
23.14814814814815,1
1.8962025316455695,0
4.517587939698492,0
95.32888465204957,1
20.555555555555557,0
1.2094574113367687,0
20.28125,1
1.4072566971854865,1
17.495,1
1.3209767578699618,1
12.529550827423169,0
34.388888888888886,0
1.3461538461538463,0
22.291666666666668,1
2.0201616161616163,0
7.87375,1
1.4893617021276595,1
4.37375,1
2.6526526526526526,1
19.45,1
6.770833333333333,1
3.2857142857142856,0
7.138769670958512,1
5.079365079365079,1
3.0761538461538462,0
6.46925566343042,1
67.98,1
1.3282732447817838,0
14.453815261044177,1
2.0601700457815566,1
1.618095238095238,0
1.5753938484621155,1
3.3605042016806723,1
35.70407433881344,0
1.2170283806343907,0
7.180281690140845,1
8.66577718478986,0
1.4586666666666666,0
3.4583333333333335,0
1.9394648829431438,1
1.5855172413793104,1
1.399,1
2.8431192660550457,0
1.265938864628821,1
3.4,1
2.704705882352941,0
2.5318761384335153,0
2.4554383412149874,1
4.258145363408521,0
3.241551939924906,0
18.378324324324325,0
1.5831202046035806,1
1.2476489028213167,0
1.629724647414372,1
1.7509386733416772,1
4.856086172344689,0
35.996,1
3.5964912280701755,1
2.7192468619246863,0
3.937003937007874,1
36.666666666666664,1
20.868113522537563,1
9.800392015680627,1
4.725354674427065,1
12.479166666666666,0
1.3913448115402514,1
2.026351351351351,0
2.1644444444444444,0
23.115942028985508,0
16.625,1
1.8147684605757197,0
7.495454545454545,1
2.7475,0
7.3125,1
21.995,0
5.930470347648262,1
13.75,0
3.967391304347826,1
2.1535893155258763,0
2.1718658034137728,1
39.96,1
1.4507253626813408,0
9.11996,1
1.7135714285714285,0
8.332221480987325,0
2.6206896551724137,1
159.04761904761904,1
5.744326343004884,1
2.46218487394958,0
1.3569321533923304,1
1.896551724137931,1
3.8483448806774443,1
1.8956796628029504,0
22.413793103448278,1
1.2256410256410257,1
14.777777777777779,1
34.55128205128205,1
1.322447292269533,0
3.4953538241601145,1
5.663627152988855,1
1.7269076305220883,0
2.7557692307692307,1
4.141420118343195,1
2.1434695627322093,1
9.864864864864865,1
12.66,0
2.233787029623699,0
4.942857142857143,1
2.6515151515151514,0
1.6667037045267672,1
6.189873417721519,1
4.114285714285714,1
1.7259259259259259,1
3.9322033898305087,1
3.723404255319149,0
2.6171669299631386,0
4.271356783919598,1
1.5425531914893618,0
1.8032786885245902,1
1.8760951188986232,0
2.3046875,1
17.811158798283262,1
3.696275071633238,1
6.236,1
2.4477611940298507,1
14.166666666666666,0
1.535897435897436,0
2.2485207100591715,0
5.357142857142857,1
18.285714285714285,0
3.1714285714285713,1
3.8162291169451072,1
6.357710651828299,1
2.968125,1
3.4096385542168677,0
12.4875,1
1.688073394495413,1
2.7803521779425395,1
3.2553846153846155,1
6.096096096096096,1
8.910714285714286,1
9.173622704507512,0
5.846846846846847,0
1.6105970149253732,1
48.611111111111114,1
1.4874213836477987,1
4.621008403361344,1
2.3158301158301158,1
5.391891891891892,1
10.857142857142858,1
6.570476190476191,0
2.3734177215189876,1
2.4714537963507945,1
6.0200668896321075,0
5.992070643359164,0
4.919117647058823,1
5.681818181818182,0
3.088803088803089,1
1.7588235294117647,1
1.4967295113505195,1
8.331805530092169,1
4.171301446051168,1
2.743362831858407,1
1.9111764705882353,1
1.43125,0
11.734782608695653,1
37.55555555555556,1
56.333333333333336,1
1.5419655667144907,1
2.1923076923076925,0
3.713675213675214,1
2.3690763052208834,1
2.389937106918239,1
3.108108108108108,1
144.44444444444446,1
2.1454545454545455,0
9.10913140311804,1
1.4683544303797469,0
1.3333333333333333,1
2.6655555555555557,0
3.217453505007153,1
2.0981278244028405,1
1.238938053097345,1
5.2,1
3.6144578313253013,0
1.8169481302774426,1
1.271604938271605,1
1.4851063829787234,1
1.9615384615384615,1
4.2105263157894735,0
7.571428571428571,0
2.079136690647482,1
2.188757396449704,1
7.34,1
1.6145181476846058,1
3.942486085343228,1
14.807692307692308,0
1.2811244979919678,1
7.2875,1
2.9138755980861246,0
11.289855072463768,0
2.8363636363636364,1
3.849114703618168,0
5.765973826020016,1
1.592,0
7.510851419031719,1
1.45,1
3.014726312864685,1
15.325581395348838,0
3.825531914893617,1
2.2790697674418605,1
1.2949640287769784,0
4.453004622496148,1
6.875,1
3.9958592132505175,0
3.3096679891417833,0
1.6582914572864322,0
6.203448275862069,1
1.4249443207126948,0
1.3001500750375188,0
6.661367249602543,0
4.416666666666667,1
1.912,0
3.1066666666666665,1
2.46231884057971,1
1.8764075067024129,0
147.61904761904762,1
11.266666666666667,1
3.031875463306153,1
1.8345323741007193,0
4.896018286087471,0
9.198,1
3.4783364855757735,0
4.746701846965699,1
43.5,0
1.2096428571428572,1
3.5899280575539567,0
2.5250147145379636,1
1.7647058823529411,0
2.4763231197771587,1
3.071593533487298,0
1.7469879518072289,0
13.333333333333334,1
17.62472885032538,1
1.85,0
7.452025586353945,1
1.7315175097276265,1
2.751743115469762,1
5.520358868184955,1
20.833333333333332,1
2.8535714285714286,1
2.4728682170542635,1
15.264499681325685,0
2.838064516129032,1
2.147806004618938,1
1.2723636363636364,1
1.5605605605605606,0
5.794202898550725,0
1.8970588235294117,1
1.317829457364341,1
2.132505175983437,0
6.965998256320837,1
1.5577889447236182,0
1.7987951807228915,1
13.363697478991597,1
2.2619669277632726,1
2.5037593984962405,0
1.3422982885085575,1
2.495,1
3.6875,1
25.680647534952172,1
6.6455696202531644,1
5.604604604604605,1
3.907815631262525,1
7.2153846153846155,1
3.653076923076923,1
5.802439024390244,1
1.49,1
9.856364536899456,1
3.413793103448276,0
2.0638297872340425,1
3.63636,1
45.25,1
3.4355300859598854,1
1.6458823529411766,1
8.02675585284281,1
3.0242424242424244,0
8.993055555555555,0
1.515050505050505,0
7.228915662650603,0
2.836484983314794,1
5.087271179225202,1
2.816666666666667,1
1.3034782608695652,0
17.17391304347826,1
11.603571428571428,1
4.269513008672448,1
3.050314465408805,1
10.200153964588145,1
18.052777777777777,1
8.15235113806822,1
2.7604473219540906,1
12.491666666666667,1
17.6,1
2.5885225885225887,0
1.5862068965517242,0
2.274698795180723,0
2.373134328358209,1
1.801441152922338,1
8.327759197324415,1
2.0066889632107023,0
9.979879275653923,0
2.419108280254777,0
2.375,1
9.507540983606557,1
5.004549590536851,1
16.18599175985874,1
7.573592454987139,1
3.457692307692308,1
3.066666666666667,1
2.8285714285714287,0
13.11875,1
2.3377926421404682,0
9.057971014492754,0
2.8953118040089088,0
1.3872135102533172,1
7.285714285714286,0
1.588235294117647,1
1.5833333333333333,0
11.880952380952381,1
15.625,1
2.2531328320802007,1
2.7054108216432864,1
1.6172057352450817,1
1.5891987605135016,0
1.5587392550143266,1
8.80952380952381,0
1.5544444444444445,0
2.4355300859598854,0
2.383076923076923,0
3.035707142857143,0
1.3716409376786736,0
3.726618705035971,0
1.3590844062947067,1
2.709090909090909,1
2.505791505791506,1
6.378571428571429,1
2.1555555555555554,1
8.517034068136272,1
10.04109589041096,1
3.1578947368421053,1
1.5555555555555556,1
2.765531914893617,0
11.055276381909549,1
9.716136631330977,0
1.2570682905611135,0
1.9946631087391595,1
1.5994569877107745,1
3.857142857142857,0
3.052941176470588,1
1.3715039577836412,1
22.48427672955975,1
4.414916416630947,1
6.575185820468839,1
1.624,1
4.131578947368421,0
13.713405238828967,0
3.269269269269269,0
1.4675052410901468,0
1.4051266020631448,1
1.4197283950617283,0
2.314736842105263,0
2.0322033898305083,0
3.3670411985018727,0
4.654654654654655,0
3.3545454545454545,0
1.2793296089385475,0
2.4218009478672986,1
3.2117202268431,1
10.409090909090908,1
1.6833380965990283,0
1.8337965536409115,1
12.065517241379311,1
4.0,1
2.142857142857143,1
3.8,1
2.332666666666667,1
1.5841463414634147,1
2.184033613445378,1
1.726653095200811,1
31.1875,1
1.5482695810564664,1
1.3915857605177993,0
55.81815056720522,1
5.0,0
4.237288135593221,0
1.5992,1
2.1120497999110714,1
6.562705084533892,1
2.2653333333333334,0
5.276,1
1.7772727272727273,1
2.5510204081632653,0
2.4357262103505843,0
3.4385160483534807,1
6.958250497017892,0
1.3584229390681004,0
5.325542570951586,1
1.4525641025641025,1
2.449275362318841,0
2.297071129707113,1
1.2793296089385475,1
1.285703673439067,0
2.295114755737787,0
4.905454545454545,1
2.15,1
1.32441200324412,0
3.1354545454545453,1
3.0675855935971543,1
3.418181818181818,0
1.3414634146341464,0
6.50561797752809,0
2.9006526468455403,1
2.5454545454545454,0
27.04,1
3.4,1
4.512941176470588,1
723.8372093023256,0
1.2086486486486487,1
2.094736842105263,1
2.144492131616595,1
3.270440251572327,0
2.088235294117647,1
5.0,1
1.288993525603296,0
25.77777777777778,0
9.666666666666666,1
2.385678391959799,1
1.3614457831325302,1
1.506276150627615,1
5.796,1
2.6973544973544974,1
2.445803224013341,1
5.555555555555555,1
1.9573283858998145,0
16.102040816326532,1
1.5005561735261401,1
1.2074913750616068,1
3.1371607837759075,0
4.0,1
1.6521739130434783,1
2.1889862327909886,0
15.527638190954773,0
7.8625,0
1.7857142857142858,1
1.657788944723618,1
2.5139664804469275,1
2.4975,0
1.492537313432836,1
1.282413350449294,1
60.02004008016032,1
3.6010404161664664,1
4.636363636363637,0
1.4,1
16.684045881126174,1
3.663003663003663,1
14.575593026579023,1
5.452272727272727,1
2.827272727272727,1
2.2506253126563283,1
3.9899497487437188,0
2.002004008016032,1
1.6653589642997253,1
2.810810810810811,1
2.069182389937107,1
1.231124807395994,1
12.678260869565218,0
1.9230769230769231,0
4.031034482758621,0
8.444444444444445,1
8.174097664543524,1
30.495,1
242.14285714285714,1
1.2477272727272728,1
11.666666666666666,1
6.010016694490818,1
1.7969151670951158,1
1.6285714285714286,0
1.5126050420168067,0
1.5325,0
5.7926829268292686,0
4.65,1
4.181818181818182,1
2.3289156626506022,0
1.6111111111111112,1
1.4,1
2.458100558659218,1
2.8106508875739644,0
3.212290502793296,1
2.4166666666666665,0
3.004291845493562,1
3.0777122339061296,1
28.0625,1
4.071428571428571,1
3.478,1
1.8337965536409115,0
2.5507692307692307,0
2.6052631578947367,1
3.690769230769231,1
2.8262626262626265,1
4.337899543378995,0
5.945945945945946,1
12.449799196787149,0
18.894736842105264,0
1.2264150943396226,0
2.3028028028028027,0
4.15,1
1.8963793103448277,1
3.222707423580786,0
3.5899280575539567,0
6.346153846153846,1
3.5595238095238093,1
2.749375,0
1.289031224979984,1
1.4417670682730923,0
5.375,1
5.298795180722892,0
1.2626262626262625,1
1.7565656565656567,0
2.7409261576971216,0
2.2316279069767444,1
2.140077821011673,1
1.427142857142857,1
6.818181818181818,1
1.975739644970414,1
753.2952919020715,0
2.668283808368708,1
2.0033444816053514,0
66.73469387755102,0
1.5701754385964912,0
3.6984126984126986,1
40.15151515151515,1
1.4304347826086956,0
1.464705882352941,1
1.71875,1
1.2463414634146341,1
5.301767255751917,0
2.6076923076923078,1
19.991666666666667,1
29.988888888888887,1
4.747373686843422,1
2.6082089552238807,0
1.5009380863039399,1
16.142857142857142,0
18.866666666666667,1
2.888888888888889,1
2.5789068514241724,1
2.126063031515758,1
12.89532293986637,1
18.28,1
2.596298149074537,0
15.771458662453924,1
3.538812785388128,1
2.584878048780488,1
8.529411764705882,1
2.998823529411765,0
34.93333333333333,1
1.6210810810810812,1
3.1207004377736087,1
19.696969696969695,0
4.134146341463414,1
17.390434782608697,1
2.818763326226013,1
1.6049180327868853,0
2.5970388155262105,1
2.137106918238994,0
1.2228571428571429,1
17.993333333333332,0
5.0,0
4.0046728971962615,1
2.7537688442211055,0
7.653846153846154,1
1.2751724137931035,1
3.764761246488919,0
1.277139208173691,1
5.812349085891687,1
44.534412955465584,1
1.3584615384615384,1
2.814814814814815,1
1.46189376443418,1
2.550268456375839,1
3.1653225806451615,0
6.430408688196628,0
1.4417391304347826,1
1.6272189349112427,1
1.6176470588235294,1
4.524847428073235,0
13.0,1
1.6129032258064515,1
6.396,1
13.612322580645161,1
1.428,1
13.52,1
28.181818181818183,0
2.0444444444444443,1
2.105777777777778,1
1.4306893995552261,1
15.659877232142858,1
24.093959731543624,1
25.883495145631066,1
3.4705882352941178,1
1.2216666666666667,0
1.6555555555555554,0
7.118181818181818,0
3.3334444481482715,0
2.801278012780128,1
1.5865217391304347,0
2.000667111407605,0
1.4257142857142857,1
2.859185918591859,1
1.2548262548262548,1
1.839348079161816,1
13.092857142857143,1
7.883597883597884,0
8.857142857142858,0
3.225806451612903,1
21.705882352941178,1
3.1701890989988875,0
9.075500770416024,0
17.839195979899497,1
14.428739693757361,1
6.150341685649202,0
6.241610738255034,1
1.4705735294117648,1
7.18125,0
1.6446252967107493,0
2.103157894736842,0
2.758793969849246,1
1.8132201334141904,0
1.498888888888889,0
11.627906976744185,0
8.555555555555555,1
1.4540880503144653,1
1.6288888888888888,1
2.1333333333333333,1
28.125,1
6.111702127659575,1
1.8929150892374256,1
4.137241379310344,1
5.456165878501273,1
1.5420950263962212,1
2.3382899628252787,0
1.4967295113505195,1
2.268181818181818,1
12.125,1
3.678929765886288,0
2.0095477386934673,0
8.797595190380761,1
5.57,0
27.80909090909091,0
1.8705882352941177,1
2.270909090909091,1
5.588235294117647,1
1.2610526315789474,1
7.0,1
4.887218045112782,1
1.5223350253807106,0
7.575757575757576,1
1.2041884816753927,1
2.8229665071770333,1
8.252173913043478,0
3.312788906009245,0
5.78743961352657,1
1.57035175879397,0
22.110552763819097,1
1.9038076152304608,0
4.066666666666666,1
1.466977985323549,0
2.2857142857142856,1
3.9171597633136095,0
3.1093279839518555,1
3.0738461538461537,0
2.6699029126213594,1
1.2782945736434108,1
38.8755980861244,1
45.45454545454545,1
4.895918367346939,1
4.991652754590985,1
2.066869300911854,1
1.3503649635036497,0
5.008714596949891,1
2.839464882943144,0
3.4527272727272726,0
1.9686868686868686,1
3.5884615384615386,1
2.8130653266331658,1
2.2378048780487805,1
7.2875,0
21.014492753623188,0
1.6006006006006006,0
5.373406193078324,0
1.450909090909091,0
257.56457564575646,1
3.226935488213416,0
7.01141687003843,1
6.117908787541713,1
2.584582310000204,0
2.230654761904762,0
2.3909272848565712,1
1.7490174901749018,0
3.6736842105263157,1
8.619540229885057,1
5.5078683834048645,1
6.966666666666667,1
4.578720800889878,1
1.2452459016393442,1
2.355223880597015,1
4.931379556826305,0
1.566420664206642,0
2.695505617977528,0
1.264861683343143,0
1.5664160401002507,0
5.007407407407407,1
1.4914914914914914,1
1.7708288342763356,1
3.0544444444444445,0
6.316666666666666,1
1.2333333333333334,0
1.512,1
10.616822429906541,0
6.77909604519774,1
1.954090909090909,1
1.63887291546866,1
2.6324960505529225,1
2.4705882352941178,0
1.610878661087866,0
16.68896321070234,1
3.742177722152691,1
8.005336891260841,0
3.990798159631926,0
1.7283201940570043,0
13.005202080832333,1
1.2058823529411764,0
65.13026052104209,1
7.587454764776839,1
3.8047619047619046,0
4.39377085650723,0
16.29585798816568,1
17.509215376513954,1
1.379080459770115,0
4.685416666666667,1
4.204962243797195,1
4.1495798319327735,1
2.1794871794871793,1
6.891472868217054,1
3.321857485988791,0
1.434782608695652,1
27.495,0
6.5359477124183005,1
1.4665757162346522,0
2.9047619047619047,1
955.0,1
1.9992,0
2.8576736210345812,1
64.2570281124498,0
1.6446886446886446,1
8.605555555555556,1
7.883653593050803,1
2.3384895359417652,1
5.352678571428571,1
1.889877641824249,1
1.8361204013377928,1
3.8650306748466257,0
2.4396194193705782,0
1.600609756097561,0
4.541800643086817,1
5.525179856115108,0
1.5278728606356968,0
3.282828282828283,1
16.5,1
2.200978212538906,1
1.2312796208530805,0
5.548148148148148,1
45.22727272727273,1
7.926421404682274,1
2.5870588235294116,1
1.7509727626459144,1
5.345911949685535,0
3.5862745098039217,0
1.566024096385542,1
11.511511511511511,1
1.4141414141414141,0
15.901060070671377,1
6.588628762541806,1
5.026455026455026,1
1.8487434803224276,1
7.045454545454546,0
3.681885125184094,1
18.103448275862068,1
2.728518752122653,1
24.991666666666667,1
1.25,1
2.054149499705709,1
5.674457429048414,1
2.2513285714285716,1
1.3334921391138637,0
2.387994780339278,0
3.680571654552645,0
2.0036429872495445,1
3.5602739726027397,1
7.996666666666667,0
5.016722408026756,1
2.20125786163522,1
2.1829694323144104,1
10.603351955307263,1
2.842809364548495,0
1.727098445595855,1
7.510851419031719,1
3.1687791861240826,1
5.30625,1
2.5126050420168067,0
119.8,1
1.5715918833952558,1
4.165,1
75.37688442211055,1
1.8653333333333333,0
1.5005005005005005,1
3.796317606444189,1
11.818181818181818,0
3.613065326633166,1
1.8877777777777778,1
2.624710424710425,0
3.3402922755741127,1
10.331306990881458,1
1.8316666666666668,1
7.205882352941177,0
2.6699029126213594,0
19.923076923076923,1
3.2044088176352705,1
1.3116940862605602,0
1.8042606516290727,1
13.446351931330472,0
1.6352443247402848,0
1.9992,1
1.5508620689655173,1
3.2383095773943484,0
5.207142857142857,1
42.3728813559322,1
1.3237198351971748,1
4.8076923076923075,1
2.436974789915966,1
5.412639405204461,0
5.715640426084697,1
7.571428571428571,1
13.7475,1
1.6723636363636363,1
1.3123287671232877,1
3.3259176863181312,0
1.3503503503503504,1
22.996,1
26.12562814070352,1
3.8230383973288813,0
9.088888888888889,1
2.176088044022011,1
1.782122905027933,0
2.0391061452513966,0
3.4,0
5.337078651685394,1
2.040977147360126,0
3.336113427856547,0
1.207829869502175,1
4.473684210526316,1
4.874375,1
5.722088835534214,1
11.002004008016032,1
14.58125,1
14.99798,0
8.145363408521304,0
9.540909090909091,0
6.5490981963927855,1
3.5632798573975046,1
9.986662220740246,0
5.2631578947368425,0
21.11111111111111,1
56.365914786967416,1
5.0,1
2.320534223706177,1
3.3952823445318083,1
92.93103448275862,1
1.3610315186246418,1
35.94285714285714,0
18.608381877022655,1
25.267857142857142,0
3.258081067213956,1
1.293609671848014,1
12.341137123745819,1
13.080808080808081,1
1.6089385474860336,1
1.3174603174603174,1
2.105820105820106,1
1.4,0
3.5,1
3.1473533619456364,0
2.6957637997432604,1
1.5745129015271195,1
2.7141713370696556,0
1.3113006396588487,1
1.3222222222222222,1
8.23852491173009,1
13.778378378378378,1
1.3891050583657587,0
12.988165680473372,1
5.392156862745098,1
2.073018254563641,1
4.05727446300716,0
4.711745689655173,1
2.77772,1
9.087272727272728,0
76.75585284280936,1
1.3796376186367558,1
6.425714285714286,1
2.4990249902499024,1
1.3320200030307623,1
4.262222222222222,0
30.399061032863848,1
1.2230483271375465,1
7.596,1
1.2572327044025158,0
2.0310267401510513,1
1.2977777777777777,0
2.3333333333333335,1
3.902173913043478,1
18.26027397260274,1
2.495833333333333,1
1.7714285714285714,0
6.002400960384153,1
3.25,1
2.402805611222445,0
3.9575,1
25.0,1
3.697259678120922,0
350.0,1
2.3787528868360277,0
3.746873436718359,1
1.7515151515151515,0
7.4975,1
1.6636363636363636,1
6.073431241655541,1
2.6622222222222223,0
1.488888888888889,0
1.2619270346117868,1
5.288235294117647,1
1.6265664160401003,1
5.68561872909699,0
44.088235294117645,1
4.385964912280702,1
3.1141833910034604,0
34.157832744405184,1
3.476,1
1.702127659574468,0
1.5384615384615385,0
12.197802197802197,1
1.2618122977346278,1
56.44927536231884,1
2.4551896623593166,1
7.708333333333333,1
5.257879656160458,1
7.8625,1
2.230508474576271,1
5.500011000022,0
2.18125,1
2.2260504201680673,1
7.635294117647059,1
15.075366834170854,1
88.38461538461539,1
12.531328320802006,1
2.1968787515006003,0
5.70952380952381,1
1.2,0
3.5595238095238093,1
2.463790446841294,1
9.044250650744864,1
1.3974358974358974,1
1.4953738434608652,0
3.246623311655828,1
2.176056338028169,0
13.18,1
3.488372093023256,1
1.3418181818181818,1
2.746010673782522,1
2.9138755980861246,0
1.218969988884772,1
4.656437625083389,1
4.541284403669724,1
5.325542570951586,1
2.8333333333333335,1
2.198350642869026,1
51.92307692307692,1
2.0836945648549516,1
8.5945558739255,0
1.241103202846975,0
3.4489795918367347,0
9.155937052932762,0
44.172975278365904,1
1.8333333333333333,0
3.1445221445221447,0
15.876470588235295,0
5.571428571428571,1
3.8340486409155936,0
1.3470588235294119,0
2.530379746835443,1
1.6259515570934255,0
12.264150943396226,1
2.9375,1
2.387994780339278,1
3.16,1
6.1103703703703705,1
10.053254437869823,0
99.51513333333334,1
1.4433333333333334,1
2.036789297658863,1
2.4,1
3.888888888888889,1
24.95,1
3.9682539682539684,0
1.8950819672131147,0
10.01001001001001,0
8.888884444444445,0
3.1244979919678717,1
11.0,1
10.286532951289399,0
2.643234747821117,1
2.406896551724138,1
15.489795918367347,1
1.2541218637992833,1
1.925185185185185,0
1.8511111111111112,0
1.6611111111111112,1
1.606425702811245,0
1.3184713375796178,0
8.24561403508772,0
1.5333333333333334,1
14.046822742474916,1
2.4673246198986396,1
1.2881720430107526,0
3.464203233256351,0
34.320457796852644,1
1.756857142857143,1
5.625,1
2.0033444816053514,1
1.9432641687741572,1
12.671118530884808,1
2.210526315789474,0
19.2,1
9.310344827586206,1
4.085714285714285,0
3.808994708994709,1
1.2467120181405895,1
2.291935819962492,0
11.403508771929825,1
1.233038348082596,0
4.009045226130653,0
215.0,1
2.307179487179487,0
2.0067114093959733,0
5.43859649122807,1
5.4411764705882355,1
2.0383493122134224,1
2.2024048096192383,1
4.257425742574258,1
3.8998699609882963,1
27.25,1
8.010033444816054,1
32.594202898550726,0
2.634920634920635,1
4.953076120959333,0
5.96,1
13.65296803652968,1
3.4285714285714284,0
8.64321608040201,0
10.222903885480573,1
86.91275167785236,1
2.2636103151862463,1
5.596,0
2.9718766901027585,1
1.6243851524072026,0
2.6381909547738696,0
8.875816993464053,0
13.002832861189802,1
5.02532751091703,0
9.433333333333334,0
12.719298245614034,1
65.21739130434783,1
13.20125786163522,1
2.792314606741573,1
3.0026702269692924,1
1.2128571428571429,1
5.0606060606060606,1
2.476547842401501,0
2.065666449228093,0
11.371428571428572,1
11.815384615384616,1
6.903636363636363,0
4.3317388623143716,1
11.117647058823529,1
4.57375,0
2.630701754385965,0
1.5012510425354462,1
2.911392405063291,0
3.0568345323741006,0
25.096774193548388,1
6.230859835100118,0
2.2895821071218365,1
2.9107589658048374,0
3.6454849498327757,1
10.36,1
3.672022684310019,1
1.589170100058858,0
35.22727272727273,1
17.592178770949722,0
1.6741573033707866,1
4.9975,1
4.98314606741573,0
19.96969696969697,0
41.666666666666664,0
3.308317698561601,1
1.3621938599517074,0
3.7593984962406015,0
20.87866108786611,1
3.75,0
2.1105555555555555,0
6.714285714285714,1
4.49,0
9.29009290092901,1
8.19672131147541,1
1.2870967741935484,0
1.875,1
5.58252427184466,1
1.536241610738255,0
5.5067796610169495,1
2.212121212121212,0
1.7766990291262137,1
1.6644444444444444,0
1.4553734061930783,0
10.852713178294573,1
5.153846153846154,1
17.196,0
1.2160228898426324,1
47.6,0
1.8181818181818181,1
1.7171717171717171,1
1.2232833105957253,0
2.140921409214092,1
5.198,0
5.039778856526429,1
6.1204081632653065,1
1.3834821428571429,0
3.3710308829926054,0
2.6285714285714286,1
2.611111111111111,1
11.43884892086331,1
2.1864406779661016,1
3.0126582278481013,0
1.481183567940247,1
1.7231795441912174,1
3.811875,0
3.7896070975918885,1
5.821727019498607,0
2.76,1
3.1602279924002534,0
2.6096997690531176,1
2.1882426516572857,1
2.4983333333333335,0
1.4512588766946417,1
1.3333333333333333,1
8.122666666666667,1
2.7582758620689654,1
2.1132075471698113,1
2.230576441102757,1
2.1702838063439067,0
20.995433789954337,1
1.6234247590808006,0
1.5648286140089418,1
5.32,1
1.3541666666666667,0
2.58,0
1.3590844062947067,0
3.1632911392405063,1
2.176470588235294,0
2.1043978627209206,0
1.2967765839199703,1
1.361787262420807,1
8.822993076429862,1
2.5727272727272728,1
6.305305305305305,0
3.236609770453208,1
1.8181818181818181,0
1.9346012679346012,0
6.246428571428571,0
1.9942816297355255,1
10.022271714922049,1
2.175,1
1.4666666666666666,1
4.208357857563272,0
8.508508508508509,0
1.3933333333333333,0
1.9463087248322148,0
1.8105849582172702,1
1.604026845637584,1
5.858620689655172,1
1.2851428571428571,1
1.9833333333333334,1
2.7,0
1.3306451612903225,0
4.6035411855273285,1
1.5016685205784204,1
9.817857142857143,0
4.153846153846154,0
1.474074074074074,0
1.5523809523809524,0
16.125,1
17.62801648028252,0
3.3828125,0
1.952662721893491,1
3.8813559322033897,1
6.16045558739255,1
1.362121212121212,1
6.916955017301038,1
2.3972602739726026,1
2.52,1
1.7808219178082192,0
2.1001757469244287,1
3.59438202247191,1
7.564766839378239,1
5.937291527685123,0
20.903010033444815,1
5.807365439093484,1
11.278195488721805,1
1.3470588235294119,0
38.542469634784055,1
4.273504273504273,1
5.277777777777778,1
1.375687843921961,0
5.096774193548387,1
11.43097643097643,0
1.6663636363636363,0
27.55511022044088,0
1.7684807256235828,1
1.756,1
5.219117647058823,1
4.626262626262626,1
5.0,1
3.125,1
9.607686148919136,0
21.666666666666668,0
41.111111111111114,1
6.3052631578947365,0
1.4457831325301205,0
4.44,0
1.6809728183118742,0
1.4705882352941178,1
1.608695652173913,1
17.766666666666666,0
2.488888888888889,1
2.9478260869565216,1
1.8695652173913044,1
4.043222003929273,1
3.3944444444444444,1
11.495112133410005,1
1.356,0
1.2557788944723618,1
1.9466073414905452,1
1.5482695810564664,1
2.642731018246027,1
5.915254237288136,0
2.588235294117647,1
6.4845221623964395,0
2.2763819095477387,0
4.30188679245283,1
5.4975,1
2.0578512396694215,0
4.042857142857143,0
3.803042433947158,0
4.803803803803804,1
4.433333333333334,1
13.5678391959799,1
1.203341592920354,0
7.2536268134067035,0
3.210714285714286,0
3.9351063829787236,1
1.6666666666666667,0
1.7510944340212633,0
2.407754846779237,0
5.9118236472945895,1
3.6736842105263157,1
36.53061224489796,1
1.9381538461538461,0
2.74468085106383,1
2.150632911392405,1
8.379329608938548,1
3.8187919463087248,0
2.002865329512894,0
2.458426966292135,0
2.882205513784461,1
2.3926940639269407,1
81.55719878207917,1
25.384615384615383,1
2.035886818495514,1
9.10344827586207,1
2.9591836734693877,1
40.500736377025035,1
2.5021459227467813,0
1.7262569832402235,0
2.3055555555555554,1
20.655172413793103,1
5.75,1
8.517034068136272,1
6.256756756756757,1
2.076862745098039,1
1.32,1
2.2221274354923644,0
1.9259629814907453,1
21.176470588235293,0
66.66666666666667,1
2.89532293986637,1
1.9539320614239182,1
3.084361453817939,0
4.732133928571429,1
2.1781219748305904,1
6.295610298203371,0
51.53846153846154,1
2.201128783991791,0
7.831325301204819,1
13.166189111747851,0
2.7586206896551726,0
33.32666666666667,0
18.82205513784461,1
1.2232833105957253,1
3.8949152542372882,1
9.545040946314831,0
98.38235294117646,0
2.253147779986746,1
6.076923076923077,1
2.8229665071770333,1
1.4363636363636363,1
2.6013006503251628,0
1.899,1
2.972972972972973,1
1.9551265981448984,1
1.2882096069868996,1
6.263982102908278,0
1.5295256534365924,1
7.055359246171967,1
1.2055276381909548,1
1.7161616161616162,0
2.3837551500882874,1
1.654482493266641,0
18.42105263157895,0
5.838709677419355,1
12.5,1
2.6157205240174672,1
4.226918798665183,1
72.3463687150838,1
1.4332075471698114,1
7.0625,0
1.6290726817042607,0
2.012751677852349,0
1.2260377358490566,0
4.197183098591549,1
4.443478260869565,1
1.206896551724138,0
3.183779119930975,1
1.3678947368421053,1
2.1363636363636362,0
3.022417934347478,0
3.882091212458287,0
12.247216035634743,1
9.984615384615385,1
1.78714859437751,1
7.5376884422110555,1
1.6661904761904762,0
4.108216432865731,0
29.80119204768191,0
8.275267333563297,1
43.32591768631813,1
4.371482176360225,0
1.9946808510638299,1
3.6368430623749775,0
11.33779264214047,1
4.06015037593985,1
7.12086220169361,0
4.14410480349345,1
2.8125,1
1.3127413127413128,1
3.2715151515151515,1
1.571632725973562,0
7.645673925838729,0
1.8664,1
3.061224489795918,1
18.6,1
1.216931216931217,0
1.375,1
18.674698795180724,0
18.475750577367204,0
1.7892631578947369,0
3.609259259259259,0
4.823115577889447,0
3.7724444444444445,0
4.530011325028313,1
8.76,1
10.587301587301587,1
16.428571428571427,1
5.831666666666667,1
2.2340782122905027,1
6.003344481605351,0
3.460243217960711,1
81.81818181818181,1
14.933333333333334,1
4.245,1
2.1475409836065573,0
7.232704402515723,1
2.937021777516186,1
5.287914285714286,1
1.8250152084600706,1
1.5642633228840126,1
2.2289156626506026,1
1.708040201005025,0
1.905411550704866,1
6.861063464837049,1
2.053416998511725,1
2.4285714285714284,1
6.011461318051576,1
1.2990897269180754,0
1.2341421881651766,0
13.326666666666666,0
15.3725,1
2.823445318084346,1
26.762081784386616,0
1.8414239482200647,0
28.03607214428858,1
5.704697986577181,1
3.1470588235294117,1
2.3088803088803087,1
2.6123076923076924,1
4.48314606741573,1
4.027805762643562,0
16.0,1
9.7907337780473,1
2.164054684894965,1
22.45614035087719,1
11.572327044025156,0
4.95,1
51.752941176470586,1
7.991071428571429,0
5.704761904761905,1
2.191943127962085,1
8.203647416413373,0
1.272929405225125,1
22.171717171717173,1
1.2922050854522718,1
9.196,0
2.4953095684803004,0
4.413654618473895,0
3.754171301446051,1
5.993540802213001,1
2.778436457947388,0
2.176470588235294,1
1.36,0
5.853658536585366,1
2.094736842105263,1
3.9486338179555354,1
1.5416098226466575,1
2.9936305732484074,1
6.338528109259322,0
1.4097435897435897,0
1.702962962962963,0
4.044117647058823,0
8.272413793103448,1
26.74418604651163,0
1.7672413793103448,0
13.078947368421053,1
18.839195979899497,1
1.9642857142857142,0
1.337458193979933,0
1.9259629814907453,0
51.16279069767442,1
3.1289111389236544,1
16.29036867676479,1
1.4190317195325544,1
6.008010680907877,1
17.46288209606987,1
37.98,1
1.9224852071005918,1
725.0,1
20.50769230769231,1
1.6668889629876626,1
25.799086757990867,1
1.3355704697986577,1
5.9523809523809526,1
2.444987775061125,0
3.99507540781779,1
3.528235294117647,0
4.99375,1
4.81203007518797,1
3.2866666666666666,0
2.3506753376688345,1
2.2888888888888888,0
4.644515898535191,1
10.025787965616045,0
17.475,1
3.1552587646076793,1
5.450909090909091,1
9.75,1
8.820588235294117,1
37.8,1
3.1285714285714286,1
4.915343915343915,0
2.452830188679245,1
1.3833333333333333,1
2.171311475409836,0
9.012016021361816,1
3.3926585094549497,1
3.225537634408602,1
1.4816598740274176,0
1.3137142857142856,0
1.4195266272189349,0
2.9145728643216082,0
2.277383766745469,0
4.671428571428572,0
4.9994736842105265,1
5.095541401273885,0
3.005008347245409,0
26.157205240174672,1
4.606741573033708,0
9.9375,1
3.9108695652173915,1
1.7900763358778626,0
1.2,0
2.0577307802229208,1
1.24975,1
2.0028612303290414,0
6.511022044088176,1
2.715837621497999,0
5.018867924528302,1
6.65680473372781,1
13.0625,1
1.6006006006006006,1
1.2417582417582418,0
4.163636363636364,0
2.926470588235294,1
1.5072622636338724,0
3.177257525083612,0
4.346466541588493,1
2.0014295925661187,0
1.8741822848523737,1
1.509433962264151,1
6.580645161290323,1
3.9665071770334928,1
5.435161009573542,1
2.0012507817385865,1
1.7142857142857142,1
1.5311004784688995,1
1.3383364602876797,0
1.6,0
8.340909090909092,0
1.4071428571428573,1
3.1842105263157894,0
1.2730184147317853,1
4.0,1
2.4996875,1
4.992806973004993,1
1.6873212583412773,1
14.975,1
2.182614133833646,1
1.9962549906374767,1
1.7264,1
4.079591836734694,0
1.4363636363636363,1
2.472042377869335,0
3.483720930232558,1
8.718120805369127,0
19.984615384615385,1
1.3657142857142857,1
2.4566666666666666,1
5.907692307692308,1
46.97315436241611,1
1.3912,1
1.2091024182076813,0
2.3695088942484914,0
3.0449533502968618,0
2.457286432160804,0
1.2263636363636363,0
15.030060120240481,0
2.065761258041458,1
11.882426516572858,0
1.348314606741573,0
12.616144018583043,1
3.0833333333333335,1
2.575855390574564,1
2.0007698229407236,0
9.46425,1
2.6022628372497825,1
1.9140362659503023,0
1.9487750556792873,0
2.0709666666666666,1
17.38255033557047,1
25.0,0
3.4336917562724016,1
3.2814671814671814,1
2.992992992992993,1
2.1718658034137728,0
2.5141097998973834,1
2.0544444444444445,0
1.6300963676797628,1
1.6285714285714286,1
3.8419213973799127,0
1.4214963119072708,0
2.74869109947644,1
12.027027027027026,0
1.333555703802535,0
2.2222222222222223,1
1.7573221757322175,1
2.1988235294117646,0
3.888888888888889,1
2.490566037735849,1
2.054149499705709,0
2.000667111407605,1
47.45,1
1.53351117039013,1
32.98153034300792,1
5.722477064220183,0
9.570815450643776,1
4.571428571428571,1
5.238095238095238,0
3.932761087267525,0
1.4224446032880629,1
2.396,1
19.298275862068966,1
1.4527272727272726,0
2.3261630815407703,1
3.8241601143674053,0
7.996,1
1.2728527078302863,1
8.332638599416423,0
23.4375,1
8.543819721672946,1
2.40343347639485,1
1.5833333333333333,0
4.580645161290323,1
8.55,0
4.279680365296803,0
12.5062656641604,1
3.096902303415409,1
7.0212765957446805,1
3.2142857142857144,1
31.583333333333332,1
1.4158333333333333,0
1.6666666666666667,0
13.98,1
1.238695652173913,0
13.863865546218488,1
3.830769230769231,0
3.535023348899266,1
7.62557781201849,1
3.5017508754377187,0
5.035211267605634,0
2.176470588235294,0
1.596,1
14.0,0
1.48999701403404,0
8.67244829886591,0
3.2577565632458234,1
8.0940029375918,1
1.3763366678164883,1
1.5366014508683228,0
1.664245810055866,1
1.8405857740585774,0
5.739348370927318,1
5.703125,0
46.6,1
14.45054716981132,1
1.6009128440366973,1
2.1514812744550027,0
13.752293577981652,1
2.4291272929405223,1
6.2572222222222225,1
2.3483221476510066,1
2.3236363636363637,1
14.806440040440497,1
1.47,1
1.7185554171855542,0
1.883846153846154,0
16.06425702811245,1
10.408333333333333,1
4.333333333333333,0
1.5784293601545272,1
2.169076751946607,0
5.587058823529412,1
5.115840517241379,1
4.026174496644296,0
62.75732217573222,1
1.44975,0
1.8942101501072195,0
15.027932960893855,0
138.0,1
1.7678452301534355,1
3.404809619238477,1
4.403794037940379,1
13.272727272727273,1
1.4319376472720682,0
2.2472868217054263,0
1.5135699373695197,0
3.109,1
201.25786163522014,0
1.7868383404864092,1
1.7285051148531858,1
5.533333333333333,1
3.4524524524524525,1
3.3212121212121213,1
2.412639405204461,1
2.1672566371681414,1
2.3590580955654863,0
84.9,1
1.4090513489991296,0
3.0750256252135433,1
20.844444444444445,1
2.347058823529412,1
1.724233983286908,1
4.291139240506329,1
2.626355296080067,1
3.1026785714285716,1
2.2403003754693365,1
1.7142857142857142,1
2.84,1
6.725,1
16.96,1
1.4253968253968254,0
1.2197832731314253,1
160.83333333333334,1
1.9642857142857142,0
21.575984990619137,1
1.3333333333333333,1
1.3559322033898304,1
4.728974172426337,0
1.4056224899598393,1
4.245283018867925,1
1.318781264211005,1
2.108974358974359,0
1.5890410958904109,0
4.283513097072419,1
5.782608695652174,1
5.536363636363636,0
96.98996655518394,1
1.3960893854748604,0
2.132,0
1.2605042016806722,0
1.6029506093649775,1
1.6710797293321564,1
33.673469387755105,1
5.898876404494382,1
90.18036072144288,1
10.288235294117648,1
2.7960111840447364,1
5.59375,0
1.7051162790697674,1
8.361204013377927,1
8.489308176100629,1
12.409395973154362,1
1.4751187796949237,0
1.62375,1
7.186330935251799,1
2.6688907422852375,1
3.997777777777778,0
3.528235294117647,0
7.925862068965517,1
1.3255813953488371,1
5.772222222222222,1
1.6433266647613605,0
5.495495495495495,0
2.9859719438877756,1
13.81764705882353,1
2.6022628372497825,1
4.292307692307692,1
20.625,1
2.6759776536312847,1
2.7159199237368923,1
1.2954929577464789,1
1.2520868113522539,0
1.4509677419354838,0
2.4398496240601504,0
1.5835764902042517,0
7.7928730512249444,1
8.223529411764705,1
3.334444973797046,0
1.4040114613180517,1
8.172114743162108,0
53.0,1
11.666666666666666,1
1.3981818181818182,1
4.10456062291435,1
1.3079291762894534,0
4.938271604938271,1
1.983151983151983,1
1.4204545454545454,1
4.470588235294118,1
16.8,1
1.7061503416856492,1
1.3720588235294118,0
1.2463768115942029,0
2.1923076923076925,0
2.6625903279599776,1
54.916666666666664,1
5.69620253164557,1
18.375,1
18.619246861924687,1
9.399759903961584,1
1.5751437859464865,1
4.1592,1
4.27035175879397,1
6.8136363636363635,1
3.0120481927710845,0
1.9407766990291262,0
3.8859060402684564,0
1.2361904761904763,1
5.0,1
16.35757575757576,0
7.564102564102564,0
21.633333333333333,1
1.4161290322580644,1
1.8504273504273505,1
2.6052104208416833,1
76.15954081632653,1
2.675438596491228,1
18.59799713876967,1
1.6097560975609757,1
1.4855657142857144,0
1.9463087248322148,0
2.052336448598131,1
7.853932584269663,1
2.075877689694224,1
5.827538247566064,0
7.106598984771574,0
2.501389660922735,1
4.824561403508772,0
1.49,1
2.977272727272727,1
5.722317596566524,1
11.875,1
6.317280453257791,1
6.501877346683354,1
12.375,1
23.58,1
1.991991991991992,0
4.757929883138564,1
2.1224984839296543,0
2.4103896103896103,1
4.5,1
8.517034068136272,1
5.25531914893617,1
2.442162162162162,1
13.536585365853659,1
6.537681681226431,1
7.358293508877425,1
1.5276851234156104,0
2.94,1
2.625570776255708,0
4.645461043602573,0
5.87282300526529,1
13.879598662207357,1
3.263265306122449,1
2.0493488690884165,1
3.0334728033472804,0
2.399387129724208,1
4.3570127504553735,0
2.4742268041237114,0
45.833333333333336,1
1.3009638554216867,0
10.0,0
9.6,0
4.441529568697199,1
9.746388706500328,0
1.5333333333333334,1
5.680119581464873,1
29.0,1
2.5828970331588135,1
25.15722641509434,1
1.7355371900826446,1
3.121875,0
2.808648648648649,1
14.609218436873748,0
1.482213438735178,0
6.6,1
1.917562724014337,0
1.2365591397849462,0
3.1885908897403152,1
1.3055276381909549,1
4.2567332341678,1
1.3806228373702423,1
1.290909090909091,1
1.9114666666666666,0
4.34744966442953,1
2.2775270826686116,1
1.7793401838831802,1
15.0,0
3.0759951749095293,1
1.8470588235294119,0
1.884589726484323,1
1.3471901462663587,1
1.4481305950500263,1
18.896321070234112,0
1.532544378698225,1
1.791330507315739,1
1.3618677042801557,1
9.164860810135023,0
2.084201750729471,0
14.444444444444445,1
1.884767406506537,1
1.663887962654218,1
31.56,1
1.7085714285714286,1
4.7361299052774015,1
4.168932390792097,1
2.6931628682601447,1
2.3682454969979987,0
11.6625,1
15.240174672489083,1
2.950391644908616,1
14.996666666666666,0
6.132596685082873,1
3.2722513089005236,0
19.24137931034483,1
2.7333333333333334,1
7.091016548463357,1
3.474074074074074,1
2.3076923076923075,0
1.777044184865414,0
1.7534027221777422,0
1.692,1
3.5140939597315435,1
1.8783135973866885,1
2.624375,0
3.404809619238477,1
1.752,0
1.9135308246597278,1
1.9759879939969984,0
3.041461293128443,1
7.94392523364486,1
5.083050847457627,1
10.59375,1
1.4752376188094047,1
2.3605150214592276,1
11.720689655172414,1
1.7500257356725835,0
4.653032440056418,1
8.908685968819599,0
8.99,1
6.247395833333333,1
4.309018159433672,0
3.878787878787879,1
3.544378698224852,1
4.212216956292786,1
1.7013333333333334,1
1.9528125,0
2.8594594594594596,0
5.5,1
1.4002287021154947,1
1.4747371120800206,0
6.3927855711422845,1
2.849699398797595,1
13.987975951903808,0
1.9090909090909092,1
1.889284126278346,1
2.573879885605338,1
11.365260900643317,0
3.8500385003850037,0
1.5870850386539337,0
1.676,1
7.588235294117647,0
2.28473491773309,1
43.32591768631813,1
6.151162790697675,0
8.75,1
329.04411764705884,1
5.928571428571429,1
1.5,1
2.183406113537118,0
5.628321428571429,1
5.439377085650723,1
3.998181818181818,1
2.3465703971119134,1
1.5559673832468495,1
10.475,1
2.585185185185185,0
6.46643109540636,1
15.67741935483871,0
4.270742358078603,0
33.76184032476319,1
15.369127516778523,1
6.778894472361809,1
1.6589434661723819,0
26.041666666666668,1
5.055555555555555,0
12.0,1
1.3336113427856546,0
3.2448377581120944,0
5.598,1
2.9838709677419355,1
1.2066805845511481,0
1.7857142857142858,1
1.8372972972972974,1
1.308724832214765,1
2.0568227290916368,0
5.747126436781609,1
5.75,1
5.725,1
6.487695749440716,1
5.030817610062893,1
2.4793305785123967,1
94.96124031007751,1
1.3177650429799428,0
6.8206620589305205,1
3.166333333333333,1
1.48,0
11.055408970976254,0
1.2387596899224806,0
3.2302158273381294,1
10.596100278551532,0
3.4017008504252124,1
15.789473684210526,1
1.675977653631285,1
2.1459227467811157,1
13.453815261044177,1
7.412825651302605,1
1.5449438202247192,0
4.165217391304348,1
21.278195488721803,1
2.3153942428035044,1
3.236842105263158,1
2.3384615384615386,1
2.5641025641025643,1
9.469823274424808,0
1.855072463768116,1
2.625139664804469,1
2.28125,1
1.7550058892815077,0
2.574193548387097,1
14.214046822742475,1
1.7641176470588236,1
1.93929173693086,0
1.2167389129709902,0
9.86489932885906,1
2.2579178663433854,0
23.8,0
2.5620496397117694,1
1.5795015795015794,0
2.0575359599749845,1
1.2026726057906458,1
2.6201117318435756,1
1.2436901653611836,0
1.2644889357218125,1
1.2837612537512504,1
6.265664160401003,1
4.383561643835616,1
21.962616822429908,1
8.361204013377927,1
10.56142301278488,1
13.281879194630873,1
10.816666666666666,1
12.068965517241379,1
5.2,1
1.5035087719298246,1
1.6664,0
20.714285714285715,1
4.5685714285714285,1
2.49375,1
50.19305019305019,1
1.4635231316725978,0
1.691275167785235,1
1.2458333333333333,0
2.4672727272727273,1
159.8,1
1.75,0
1.5250965250965252,0
1.960698689956332,0
6.312625250501002,1
7.628596338273757,1
5.3624161073825505,1
2.6166281755196303,1
6.348645465253239,1
1.7321016166281755,1
25.519848771266542,0
5.7557557557557555,1
1.6021361815754338,0
3.466666666666667,0
1.4951121334100057,1
3.357894736842105,0
3.5545023696682465,1
2.2501125056252813,0
2.576219512195122,1
37.596,1
2.861246768170066,0
4.609218436873747,1
232.32323232323233,1
19.96662958843159,0
2.0588235294117645,1
5.214723926380368,0
4.96042216358839,0
2.0348837209302326,0
5.92290585618977,1
1.5106666666666666,0
4.514672686230249,1
27.269076305220885,1
4.291666666666667,1
3.1437553586739067,1
1.2605042016806722,1
3.8164970313825277,1
19.99,1
5.272,1
2.232941176470588,0
4.382456140350877,1
11.682242990654206,1
5.511022044088176,1
3.206896551724138,1
10.5,0
3.5395814376706096,1
19.444444444444443,1
1.3069230769230769,0
1.301775147928994,0
35.53333333333333,1
1.292743953294412,0
3.0681818181818183,1
3.5380507343124163,0
2.5011547344110854,0
13.486486486486486,0
1.539645881447267,0
10.805405405405406,1
4.175389625494301,1
7.428571428571429,1
1.4315281131424629,0
10.0,1
3.110047846889952,0
28.45,1
3.8645161290322583,1
2.6538461538461537,1
5.431410751798679,1
3.1909657089898054,0
3.2777777777777777,0
3.9989473684210526,0
3.2847549649949994,1
20.0,1
1.8444444444444446,1
8.996655518394649,1
1.3237198351971748,1
4.100303951367781,0
1.6224188790560472,1
2.3237962316817864,0
1.7566265060240964,0
1.732,0
1.9565217391304348,0
1.5419354838709678,0
2.0256756756756755,1
2.1637347767253043,0
17.394519356241844,1
2.4910007199424045,1
5.4390625,1
2.9347826086956523,0
2.5641025641025643,1
4.998888641920427,0
2.93598233995585,0
2.9966650786088613,0
2.2988505747126435,0
19.64406779661017,1
1.785,1
1.2654502648616834,1
10.5,1
2.6210526315789475,1
1.4607305936073058,1
5.137142857142857,1
16.08108108108108,0
1.667778519012675,1
10.727272727272727,1
25.483870967741936,1
2.36094674556213,1
2.9242424242424243,1
29.988888888888887,1
1.3256880733944953,1
1.2818181818181817,1
2.3702313946216385,1
20.384615384615383,1
2.4170616113744074,0
21.495,1
1.9656897784131522,0
1.7054545454545456,0
2.3168552709946395,1
1.2273243919072516,1
3.893893893893894,1
2.803738317757009,1
3.7027027027027026,0
12.5,1
28.792,1
13.74375,1
1.7266666666666666,0
2.792688127766585,0
1.88625,1
5.077581594435527,0
14.722222222222221,1
5.0,0
2.2,1
18.181363636363635,1
66.26506024096386,1
1.5387997362057595,0
2.305128205128205,0
79.66666666666667,1
80.16030060120241,1
2.433333333333333,1
2.548979591836735,1
1.2786045767322771,0
1.3761467889908257,1
210.44156521739131,1
7.1695652173913045,0
13.307210031347962,1
55.0,1
2.640449438202247,1
1.2626262626262625,1
7.856330984314617,1
2.511111111111111,0
4.862686567164179,1
16.220735785953178,1
1.4653333333333334,1
2.960662525879917,0
1.7517517517517518,1
2.3246511627906976,0
3.5816649104320337,0
2.0409556313993176,0
4.64,1
7.428571428571429,1
1.5055762081784387,1
1.555864369093941,0
2.0767306088407005,1
1.8537524053880692,0
1.535897435897436,0
3.5731300619342545,0
2.106918238993711,1
4.913043478260869,1
2.798,0
1.333555703802535,1
7.662721893491124,1
1.2892588788583166,1
2.793994995829858,1
3.0316620324692796,0
9.992307692307692,1
1.9696969696969697,0
4.25,0
2.877397831526272,1
5.08274231678487,1
40.0,1
2.401120896717374,1
1.9970898508548562,0
1.9557457212713936,0
3.2448979591836733,1
18.0,1
2.3227848101265822,0
3.3,1
4.993742177722153,0
1.3377926421404682,0
2.25,1
3.576923076923077,1
5.918367346938775,1
4.85861561119293,1
6.9216757741347905,1
5.0693795863909275,1
2.608695652173913,1
2.142857142857143,1
1.444642063139173,0
50.4,1
1.9799777530589544,0
4.361744966442953,1
2.0003077870113883,0
17.449664429530202,1
3.246623311655828,1
3.8333333333333335,1
1.4392991239048811,1
9.742585102797438,1
1.6675931072818233,0
3.382345588235294,0
16.75418994413408,1
1.4514368861404148,0
12.88659793814433,0
4.796,1
1.5911778080945884,0
16.66111111111111,1
20.0,0
3.1130434782608694,1
4.498,1
2.042535446205171,1
5.36144578313253,1
1.3016806722689076,1
1.2027066784348337,1
8.249283667621777,1
1.4615384615384615,0
6.223076923076923,1
6.07008760951189,0
35.13966480446928,1
15.106666666666667,0
1.916,1
21.17013086989992,1
3.8152866242038215,0
1.5,0
3.8472942920681987,1
108.16326530612245,1
1.3775590551181103,1
7.173363187792844,1
1.6007114273010228,1
1.9111111111111112,1
2.4671814671814674,1
3.596,1
4.285714285714286,1
2.34,0
27.71045278416722,1
1.4336283185840708,1
4.105882352941176,1
2.532391048292108,0
27.429577464788732,1
12.54071661237785,1
2.2584333905088623,1
1.923529411764706,1
5.388513513513513,0
1.5006257822277846,1
4.74671669793621,1
9.416666666666666,1
8.731924360400445,1
7.607607607607608,1
2.28,1
1.5483333333333333,0
11.035294117647059,1
2.0294416243654823,0
2.147407407407407,0
11.606425702811245,0
2.135259565010319,0
1.2505042355788625,1
19.09307875894988,0
1.6089604175728578,1
2.808333333333333,1
1.7529215358931554,1
4.503503503503503,1
26.525166767738025,1
6.42346208869814,1
13.416107382550335,1
2.679528403001072,0
12.98,1
1.9283088235294117,1
5.3040816326530615,0
3.7815126050420167,1
1.3506753376688345,0
1.517150395778364,0
7.718120805369128,1
1.3832116788321167,1
38.833333333333336,1
4.3,1
10.42535446205171,1
1.6379310344827587,0
30.753846153846155,1
2.888888888888889,0
39.93288590604027,1
6.010745466756212,1
1.521216973578863,0
2.5936708860759494,0
202.94117647058823,1
3.56,1
1.8929150892374256,0
3.2415254237288136,0
10.172413793103448,0
1.3533834586466165,1
10.6,1
25.1937984496124,1
30.93645484949833,1
4.290414878397711,0
3.523076923076923,0
2.6782142857142857,0
3.0012004801920766,1
1.218436873747495,1
15.008347245409015,1
3.94,1
1.9302775984506133,1
8.473035439137133,1
2.320880587058039,1
2.1216216216216215,1
1.2506976744186047,1
101.72413793103448,1
8.653333333333334,1
2.7777777777777777,1
2.0233592880978866,0
4.58,1
1.4006906612380803,1
8.357859531772576,1
3.2017614091273017,0
1.2526315789473683,1
12.024048096192384,1
26.910112359550563,1
23.497267759562842,1
4.91652754590985,1
46.478873239436616,0
1.7862759113652609,1
23.42281879194631,1
4.576470588235294,0
2.5041736227045077,0
19.23076923076923,0
3.4594594594594597,1
3.963170536429143,0
1.318918918918919,0
1.6611111111111112,1
2.177751618599176,1
1.8316582914572865,1
1.7761194029850746,1
25.98,1
1.483939899833055,0
90.0,1
1.5344186046511628,0
36.758823529411764,1
2.3251162790697673,1
7.785234899328859,0
9.275,1
7.718696397941681,1
12.04417670682731,1
8.38255033557047,0
4.53074433656958,0
5.6992481203007515,1
44.0,1
1.5012531328320802,0
2.5018698578908003,0
2.230769230769231,1
3.693409742120344,1
2.3269391159299415,1
19.23076923076923,1
16.993333333333332,0
1.5536785952433874,1
1.4592774035517453,1
1.7136150234741785,0
1.9575,0
1.3371970495258167,1
2.9916666666666667,1
4.742547425474255,0
10.5,1
4.098360655737705,0
4.387844649890814,1
1.8398768283294842,1
8.657243816254416,1
19.694533762057876,0
8.498498498498499,1
9.972972972972974,1
1.4520643806857942,1
2.6015767131594907,0
2.509623430962343,0
1.4705882352941178,0
1.6668889629876626,1
1.2876579203109815,1
3.4096385542168677,0
7.497368421052632,1
5.328571428571428,1
3.018181818181818,1
2.2324788298691303,0
1.3759398496240602,0
1.4163090128755365,1
1.517391304347826,0
1.3819095477386936,0
3.1133144475920678,1
2.047203694202155,1
1.3071428571428572,1
1.78173719376392,1
1.4173622704507514,1
13.595706618962433,0
1.6559302766199318,1
26.076923076923077,1
4.87375,1
5.590935844614479,1
5.140562248995984,1
4.003337041156841,1
1.7200068800275201,1
12.892294091645793,1
5.527638190954774,1
1.5981735159817352,1
1.312910284463895,1
1.4378995433789954,1
1.3142857142857143,1
1.644736842105263,1
3.2708333333333335,1
2.5472747497219133,0
1.3333333333333333,0
3.7666666666666666,1
3.825278810408922,0
1.4465408805031446,0
2.374893977947413,0
1.4386301808289326,1
1.2012012012012012,1
4.609375,1
142.85714285714286,1
15.376923076923077,0
8.327272727272728,1
14.391648668106551,1
3.103448275862069,1
16.517391304347825,0
5.909090909090909,1
1.7345750873108265,0
3.816666666666667,1
2.33864406779661,0
1.7514792899408285,0
6.120689655172414,1
1.8734085121862496,0
1.4584527220630372,1
1.3333333333333333,0
3.3430232558139537,1
2.1348464619492655,1
13.357142857142858,1
1.3402439024390245,1
4.727810650887574,0
4.306153846153846,1
2.451548387096774,1
3.575107296137339,1
1.592,1
6.208333333333333,0
2.201201201201201,1
3.299492385786802,1
1.5277777777777777,0
7.025316455696203,1
6.53213909378293,0
7.328990228013029,0
1.4188110026619343,0
6.232,0
1.3334568358651353,0
1.958105646630237,1
2.1423276501111936,1
36.45,1
147.5,1
1.819484240687679,1
3.223654957759004,1
1.4516129032258065,1
3.4186822351959965,1
7.196495619524406,1
8.210712183637433,1
5.947368421052632,1
4.094202898550725,1
2.917166866746699,1
2.4349566377585057,0
3.3786206896551723,1
4.290414878397711,0
1.3266666666666667,1
1.5309734513274336,0
1.3202247191011236,1
6.594202898550725,1
1.2251612903225806,1
2.3030769230769232,1
1.6666666666666667,1
4.725454545454546,1
5.335029686174725,0
1.8746875,1
2.81027027027027,1
1.5306406685236769,0
3.4461538461538463,1
3.4,1
2.372784448256146,0
18.02675585284281,1
9.451445515196442,1
9.47444204463643,1
16.75603217158177,1
1.530612244897959,1
5.373134328358209,1
1.5638413968715896,0
5.765384615384615,1
19.615692554043235,0
7.8686868686868685,1
1.3520833333333333,0
2.6705399178603626,1
3.2956521739130435,1
7.047058823529412,1
3.690769230769231,1
21.953846153846154,1
36.947826086956525,1
8.217270194986073,1
1.7123287671232876,1
1.8773466833541927,0
112.12121212121212,1
2.4058823529411764,0
1.3021702838063438,1
1.7641176470588236,0
1.641095890410959,1
1.7053734061930783,0
6.550819672131148,1
1.22228538942581,0
3.3410041841004183,0
1.5172413793103448,0
2.338129496402878,1
3.1265632816408204,1
3.963170536429143,1
3.7318295739348373,1
1.5914893617021277,1
10.38076923076923,0
1.6047297297297298,0
1.221061946902655,1
11.578947368421053,0
1.5013192612137203,0
24.728682170542637,1
2.9651162790697674,1
1.931864406779661,1
2.293577981651376,1
1.2806100217864924,1
3.0644152595372107,1
1.4545454545454546,0
18.450922546127305,0
2.0565714285714285,1
12.390216787103947,1
8.254127063531765,1
3.8025350233488995,0
9.9,0
7.620396600566572,0
2.7994285714285714,1
2.895893664451343,0
2.5208695652173914,0
6.784968684759916,1
20.37037037037037,1
1.622002820874471,0
5.087786259541985,0
2.606177606177606,0
27.35159817351598,1
2.0,0
4.879069767441861,1
1.9132972071696541,1
3.2520162601626015,1
5.811715481171548,1
4.995238095238095,0
7.596,1
1.6142857142857143,0
5.008016032064128,1
4.907692307692308,1
6.335445148382794,1
994.4649446494465,1
8.391070053887606,1
1.3666666666666667,0
6.76126878130217,1
13.877551020408163,1
5.198116908591604,1
1.2309468822170901,1
7.25241747249083,1
8.727810650887575,1
1.9436457734330075,1
17.913978494623656,1
5.571428571428571,1
2.711792252022137,1
6.753846153846154,1
18.5,0
4.333333333333333,0
1.36,0
8.704453441295547,0
2.28125,1
7.8595317725752505,0
3.860845839017735,1
1.2747393062353691,0
1.4515570934256055,1
10.783783783783784,1
9.622222222222222,1
1.3847337642351494,0
1.3805970149253732,1
1.3361870954270203,1
3.0589543937708563,0
5.0,1
1.3930131004366813,1
1.858736434108527,1
2.6923076923076925,1
3.2341176470588233,1
3.9932885906040267,0
5.2337752965806,1
4.291845493562231,0
1.8760951188986232,1
3.245,0
1.5007503751875937,0
1.7010974822466107,1
1.7826336975273145,1
6.722689075630252,1
8.144020574367767,0
4.495,1
12.1875,0
3.786868686868687,0
1.2831665941713788,0
1.9770773638968482,0
1.2387610619469027,1
14.391143911439114,0
1.2278195488721804,0
2.727272727272727,1
54.57142857142857,0
2.8022417934347477,1
3.532,0
4.363636363636363,1
2.4969987995198077,0
20.590389016018307,1
13.58695652173913,0
2.6022628372497825,0
1.6125,1
5.437719775240167,1
1.2590548464987927,1
6.198206765385138,1
1.9346049046321525,0
7.895833333333333,1
12.541818181818181,1
14.5625,1
2.1221221221221223,1
3.933333333333333,1
20.65081351689612,1
4.172173913043478,1
5.945945945945946,1
8.570066730219256,0
2.6280701754385967,1
4.130434782608695,1
1.7847485127095728,0
11.307692307692308,1
1.2723404255319148,1
2.061248527679623,1
3.1263289555972484,1
73.57859531772576,1
1.2780867630700778,1
1.6170212765957446,0
1.3723529411764706,0
7.508135168961202,1
1.3757396449704142,0
5.425,1
1.5816666666666668,1
5.2100840336134455,0
1.7135023989033584,1
11.717241379310344,1
1.8010291595197256,0
10.377358490566039,1
